-1.440000000000000000e+03 -3.114853169999999838e-01
0.000000000000000000e+00 -0.000000000000000000e+00
1.440000000000000000e+03 -2.831684699999999916e-02
2.880000000000000000e+03 -0.000000000000000000e+00
4.320000000000000000e+03 -5.663369399999999831e-02
5.760000000000000000e+03 -1.699010819999999811e-01
7.200000000000000000e+03 -0.000000000000000000e+00
8.640000000000000000e+03 -3.964358579999999743e-01
1.008000000000000000e+04 -7.362380219999999920e-01
1.152000000000000000e+04 -9.910896449999999636e-01
1.296000000000000000e+04 -1.019406491999999886e+00
1.440000000000000000e+04 -1.245941267999999935e+00
1.584000000000000000e+04 -1.359208655999999849e+00
1.728000000000000000e+04 -1.302574962000000003e+00
1.872000000000000000e+04 -1.359208655999999849e+00
2.016000000000000000e+04 -1.500792890999999907e+00
2.160000000000000000e+04 -1.840595054999999869e+00
2.304000000000000000e+04 -1.387525502999999993e+00
2.448000000000000000e+04 -1.670693972999999888e+00
2.592000000000000000e+04 -1.557426584999999974e+00
2.736000000000000000e+04 -1.444159197000000061e+00
2.880000000000000000e+04 -1.585743431999999897e+00
3.024000000000000000e+04 -1.614060279000000042e+00
3.168000000000000000e+04 -1.670693972999999888e+00
3.312000000000000000e+04 -1.783961361000000023e+00
3.456000000000000000e+04 -9.627727979999999297e-01
3.600000000000000000e+04 -1.614060279000000042e+00
3.744000000000000000e+04 -1.614060279000000042e+00
3.888000000000000000e+04 -1.868911902000000014e+00
4.032000000000000000e+04 -2.010496137000000072e+00
4.176000000000000000e+04 -2.152080371999999908e+00
4.320000000000000000e+04 -2.406931994999999880e+00
4.464000000000000000e+04 -1.812278207999999946e+00
4.608000000000000000e+04 -2.067129830999999918e+00
4.752000000000000000e+04 -1.982179289999999927e+00
4.896000000000000000e+04 -2.237030912999999899e+00
5.040000000000000000e+04 -2.265347760000000044e+00
5.184000000000000000e+04 -2.350298301000000034e+00
5.328000000000000000e+04 -2.548516229999999716e+00
