3
lindsey
7
604089 4238048
612318 4235925
613931 4234279
613832 4233226
604632 4233687
603710 4235168
604089 4238048
calhoun_marsh
15
604386 4234843
604705 4235102
604998 4235148
605508 4235303
605608 4235307
605643 4235311
606435 4235339
606929 4235382
607068 4235397
607103 4235390
607135 4235369
607337 4235097
606890 4234242
604877 4234046
604386 4234843
full_domain
9
617347 4295647
624833 4295513
637933 4271585
633522 4231482
624031 4221456
610128 4221055
599033 4231749
598231 4242577
617347 4295647
