-1.440000000000000000e+03 3.300000000000000000e+01
-1.425000000000000000e+03 5.280000000000000426e+01
-1.410000000000000000e+03 5.280000000000000426e+01
-1.395000000000000000e+03 4.620000000000000284e+01
-1.380000000000000000e+03 4.180000000000000426e+01
-1.365000000000000000e+03 5.060000000000000142e+01
-1.350000000000000000e+03 4.620000000000000284e+01
-1.335000000000000000e+03 4.840000000000000568e+01
-1.320000000000000000e+03 4.840000000000000568e+01
-1.305000000000000000e+03 5.060000000000000142e+01
-1.290000000000000000e+03 4.180000000000000426e+01
-1.275000000000000000e+03 3.960000000000000142e+01
-1.260000000000000000e+03 5.060000000000000142e+01
-1.245000000000000000e+03 7.040000000000000568e+01
-1.230000000000000000e+03 5.720000000000000284e+01
-1.215000000000000000e+03 5.280000000000000426e+01
-1.200000000000000000e+03 5.500000000000000711e+01
-1.185000000000000000e+03 4.400000000000000000e+01
-1.170000000000000000e+03 5.060000000000000142e+01
-1.155000000000000000e+03 5.940000000000000568e+01
-1.140000000000000000e+03 5.060000000000000142e+01
-1.125000000000000000e+03 5.280000000000000426e+01
-1.110000000000000000e+03 4.400000000000000000e+01
-1.095000000000000000e+03 3.740000000000000568e+01
-1.080000000000000000e+03 7.480000000000001137e+01
-1.065000000000000000e+03 5.060000000000000142e+01
-1.050000000000000000e+03 8.360000000000000853e+01
-1.035000000000000000e+03 6.160000000000000853e+01
-1.020000000000000000e+03 5.940000000000000568e+01
-1.005000000000000000e+03 7.260000000000000853e+01
-9.900000000000000000e+02 4.840000000000000568e+01
-9.750000000000000000e+02 8.580000000000001137e+01
-9.600000000000000000e+02 6.160000000000000853e+01
-9.450000000000000000e+02 8.140000000000000568e+01
-9.300000000000000000e+02 4.840000000000000568e+01
-9.150000000000000000e+02 6.160000000000000853e+01
-9.000000000000000000e+02 7.920000000000000284e+01
-8.850000000000000000e+02 5.720000000000000284e+01
-8.700000000000000000e+02 6.820000000000000284e+01
-8.550000000000000000e+02 7.920000000000000284e+01
-8.400000000000000000e+02 5.940000000000000568e+01
-8.250000000000000000e+02 8.140000000000000568e+01
-8.100000000000000000e+02 4.400000000000000000e+01
-7.950000000000000000e+02 6.820000000000000284e+01
-7.800000000000000000e+02 5.720000000000000284e+01
-7.650000000000000000e+02 6.160000000000000853e+01
-7.500000000000000000e+02 7.040000000000000568e+01
-7.350000000000000000e+02 5.720000000000000284e+01
-7.200000000000000000e+02 5.280000000000000426e+01
-7.050000000000000000e+02 7.040000000000000568e+01
-6.750000000000000000e+02 9.020000000000000284e+01
-6.600000000000000000e+02 8.360000000000000853e+01
-6.450000000000000000e+02 8.800000000000000000e+01
-6.300000000000000000e+02 7.920000000000000284e+01
-6.150000000000000000e+02 6.820000000000000284e+01
-6.000000000000000000e+02 5.720000000000000284e+01
-5.850000000000000000e+02 6.160000000000000853e+01
-5.700000000000000000e+02 6.600000000000000000e+01
-5.550000000000000000e+02 9.020000000000000284e+01
-5.400000000000000000e+02 7.040000000000000568e+01
-5.250000000000000000e+02 4.620000000000000284e+01
-5.100000000000000000e+02 6.600000000000000000e+01
-4.950000000000000000e+02 4.840000000000000568e+01
-4.800000000000000000e+02 5.060000000000000142e+01
-4.650000000000000000e+02 5.940000000000000568e+01
-4.500000000000000000e+02 5.720000000000000284e+01
-4.350000000000000000e+02 5.940000000000000568e+01
-4.200000000000000000e+02 5.060000000000000142e+01
-4.050000000000000000e+02 4.620000000000000284e+01
-3.900000000000000000e+02 5.720000000000000284e+01
-3.750000000000000000e+02 6.600000000000000000e+01
-3.600000000000000000e+02 4.400000000000000000e+01
-3.450000000000000000e+02 4.840000000000000568e+01
-3.300000000000000000e+02 6.380000000000000426e+01
-3.150000000000000000e+02 5.280000000000000426e+01
-3.000000000000000000e+02 5.500000000000000711e+01
-2.850000000000000000e+02 4.840000000000000568e+01
-2.700000000000000000e+02 5.280000000000000426e+01
-2.550000000000000000e+02 5.060000000000000142e+01
-2.400000000000000000e+02 6.160000000000000853e+01
-2.250000000000000000e+02 4.400000000000000000e+01
-1.950000000000000000e+02 4.620000000000000284e+01
-1.800000000000000000e+02 4.400000000000000000e+01
-1.650000000000000000e+02 3.960000000000000142e+01
-1.500000000000000000e+02 4.620000000000000284e+01
-1.350000000000000000e+02 5.720000000000000284e+01
-1.200000000000000000e+02 3.960000000000000142e+01
-1.050000000000000000e+02 5.280000000000000426e+01
-9.000000000000000000e+01 7.040000000000000568e+01
-7.500000000000000000e+01 7.040000000000000568e+01
-6.000000000000000000e+01 4.400000000000000000e+01
-4.500000000000000000e+01 4.840000000000000568e+01
-3.000000000000000000e+01 5.720000000000000284e+01
-1.500000000000000000e+01 6.160000000000000853e+01
0.000000000000000000e+00 6.380000000000000426e+01
1.500000000000000000e+01 5.500000000000000711e+01
3.000000000000000000e+01 6.600000000000000000e+01
4.500000000000000000e+01 7.260000000000000853e+01
6.000000000000000000e+01 8.580000000000001137e+01
7.500000000000000000e+01 6.600000000000000000e+01
9.000000000000000000e+01 4.840000000000000568e+01
1.050000000000000000e+02 5.500000000000000711e+01
1.200000000000000000e+02 6.380000000000000426e+01
1.350000000000000000e+02 6.160000000000000853e+01
1.500000000000000000e+02 4.840000000000000568e+01
1.650000000000000000e+02 5.500000000000000711e+01
1.800000000000000000e+02 8.360000000000000853e+01
1.950000000000000000e+02 5.280000000000000426e+01
2.100000000000000000e+02 6.380000000000000426e+01
2.250000000000000000e+02 7.260000000000000853e+01
2.400000000000000000e+02 3.740000000000000568e+01
2.550000000000000000e+02 6.160000000000000853e+01
2.700000000000000000e+02 5.940000000000000568e+01
2.850000000000000000e+02 4.620000000000000284e+01
3.000000000000000000e+02 5.940000000000000568e+01
3.150000000000000000e+02 5.940000000000000568e+01
3.300000000000000000e+02 6.380000000000000426e+01
3.450000000000000000e+02 4.400000000000000000e+01
3.600000000000000000e+02 4.400000000000000000e+01
3.750000000000000000e+02 5.280000000000000426e+01
3.900000000000000000e+02 4.180000000000000426e+01
4.050000000000000000e+02 3.740000000000000568e+01
4.200000000000000000e+02 5.940000000000000568e+01
4.350000000000000000e+02 4.620000000000000284e+01
4.500000000000000000e+02 5.720000000000000284e+01
4.650000000000000000e+02 5.720000000000000284e+01
4.800000000000000000e+02 3.960000000000000142e+01
4.950000000000000000e+02 5.060000000000000142e+01
5.100000000000000000e+02 5.280000000000000426e+01
5.250000000000000000e+02 3.960000000000000142e+01
5.400000000000000000e+02 3.960000000000000142e+01
5.550000000000000000e+02 4.400000000000000000e+01
5.700000000000000000e+02 4.840000000000000568e+01
5.850000000000000000e+02 4.400000000000000000e+01
6.000000000000000000e+02 5.060000000000000142e+01
6.150000000000000000e+02 3.960000000000000142e+01
6.300000000000000000e+02 5.500000000000000711e+01
6.450000000000000000e+02 3.740000000000000568e+01
6.600000000000000000e+02 4.180000000000000426e+01
6.750000000000000000e+02 6.160000000000000853e+01
6.900000000000000000e+02 3.960000000000000142e+01
7.050000000000000000e+02 4.400000000000000000e+01
7.200000000000000000e+02 4.840000000000000568e+01
7.350000000000000000e+02 3.960000000000000142e+01
7.500000000000000000e+02 3.520000000000000284e+01
7.650000000000000000e+02 5.060000000000000142e+01
7.800000000000000000e+02 6.380000000000000426e+01
7.950000000000000000e+02 5.060000000000000142e+01
8.100000000000000000e+02 5.720000000000000284e+01
8.250000000000000000e+02 4.840000000000000568e+01
8.400000000000000000e+02 4.180000000000000426e+01
8.550000000000000000e+02 4.400000000000000000e+01
8.700000000000000000e+02 4.620000000000000284e+01
8.850000000000000000e+02 3.740000000000000568e+01
9.000000000000000000e+02 4.620000000000000284e+01
9.150000000000000000e+02 4.400000000000000000e+01
9.300000000000000000e+02 3.740000000000000568e+01
9.450000000000000000e+02 3.300000000000000000e+01
9.600000000000000000e+02 2.640000000000000213e+01
9.750000000000000000e+02 3.740000000000000568e+01
9.900000000000000000e+02 3.960000000000000142e+01
1.005000000000000000e+03 3.520000000000000284e+01
1.020000000000000000e+03 4.620000000000000284e+01
1.035000000000000000e+03 4.400000000000000000e+01
1.050000000000000000e+03 3.520000000000000284e+01
1.065000000000000000e+03 3.300000000000000000e+01
1.080000000000000000e+03 4.180000000000000426e+01
1.095000000000000000e+03 3.520000000000000284e+01
1.110000000000000000e+03 4.180000000000000426e+01
1.125000000000000000e+03 3.520000000000000284e+01
1.140000000000000000e+03 3.080000000000000426e+01
1.155000000000000000e+03 4.620000000000000284e+01
1.170000000000000000e+03 2.860000000000000142e+01
1.185000000000000000e+03 3.300000000000000000e+01
1.200000000000000000e+03 2.860000000000000142e+01
1.215000000000000000e+03 2.860000000000000142e+01
1.230000000000000000e+03 3.520000000000000284e+01
1.245000000000000000e+03 3.520000000000000284e+01
1.260000000000000000e+03 3.960000000000000142e+01
1.275000000000000000e+03 4.180000000000000426e+01
1.290000000000000000e+03 3.300000000000000000e+01
1.305000000000000000e+03 4.400000000000000000e+01
1.320000000000000000e+03 3.080000000000000426e+01
1.335000000000000000e+03 4.180000000000000426e+01
1.350000000000000000e+03 3.520000000000000284e+01
1.365000000000000000e+03 4.180000000000000426e+01
1.380000000000000000e+03 3.740000000000000568e+01
1.395000000000000000e+03 3.960000000000000142e+01
1.410000000000000000e+03 4.840000000000000568e+01
1.425000000000000000e+03 4.840000000000000568e+01
1.440000000000000000e+03 4.400000000000000000e+01
1.455000000000000000e+03 3.080000000000000426e+01
1.470000000000000000e+03 5.720000000000000284e+01
1.485000000000000000e+03 2.860000000000000142e+01
1.500000000000000000e+03 2.640000000000000213e+01
1.515000000000000000e+03 3.080000000000000426e+01
1.530000000000000000e+03 2.640000000000000213e+01
1.545000000000000000e+03 3.300000000000000000e+01
1.560000000000000000e+03 3.960000000000000142e+01
1.575000000000000000e+03 4.620000000000000284e+01
1.590000000000000000e+03 3.080000000000000426e+01
1.605000000000000000e+03 3.300000000000000000e+01
1.620000000000000000e+03 3.080000000000000426e+01
1.635000000000000000e+03 4.620000000000000284e+01
1.650000000000000000e+03 4.620000000000000284e+01
1.665000000000000000e+03 5.280000000000000426e+01
1.680000000000000000e+03 3.960000000000000142e+01
1.695000000000000000e+03 3.520000000000000284e+01
1.710000000000000000e+03 2.860000000000000142e+01
1.725000000000000000e+03 2.860000000000000142e+01
1.740000000000000000e+03 4.620000000000000284e+01
1.755000000000000000e+03 5.500000000000000711e+01
1.770000000000000000e+03 4.620000000000000284e+01
1.785000000000000000e+03 4.180000000000000426e+01
1.800000000000000000e+03 4.400000000000000000e+01
1.815000000000000000e+03 4.400000000000000000e+01
1.830000000000000000e+03 3.520000000000000284e+01
1.845000000000000000e+03 4.180000000000000426e+01
1.860000000000000000e+03 3.300000000000000000e+01
1.875000000000000000e+03 4.180000000000000426e+01
1.890000000000000000e+03 4.400000000000000000e+01
1.905000000000000000e+03 3.740000000000000568e+01
1.920000000000000000e+03 3.080000000000000426e+01
1.935000000000000000e+03 4.620000000000000284e+01
1.950000000000000000e+03 4.840000000000000568e+01
1.965000000000000000e+03 5.060000000000000142e+01
1.980000000000000000e+03 5.060000000000000142e+01
1.995000000000000000e+03 4.180000000000000426e+01
2.010000000000000000e+03 4.180000000000000426e+01
2.025000000000000000e+03 4.840000000000000568e+01
2.040000000000000000e+03 3.960000000000000142e+01
2.055000000000000000e+03 5.280000000000000426e+01
2.085000000000000000e+03 4.840000000000000568e+01
2.100000000000000000e+03 3.960000000000000142e+01
2.115000000000000000e+03 4.840000000000000568e+01
2.130000000000000000e+03 4.180000000000000426e+01
2.145000000000000000e+03 3.300000000000000000e+01
2.175000000000000000e+03 4.840000000000000568e+01
2.190000000000000000e+03 4.400000000000000000e+01
2.205000000000000000e+03 4.180000000000000426e+01
2.220000000000000000e+03 4.180000000000000426e+01
2.235000000000000000e+03 4.840000000000000568e+01
2.250000000000000000e+03 4.620000000000000284e+01
2.265000000000000000e+03 4.620000000000000284e+01
2.280000000000000000e+03 4.620000000000000284e+01
2.295000000000000000e+03 3.740000000000000568e+01
2.325000000000000000e+03 3.080000000000000426e+01
2.355000000000000000e+03 3.740000000000000568e+01
2.370000000000000000e+03 3.960000000000000142e+01
2.385000000000000000e+03 4.180000000000000426e+01
2.400000000000000000e+03 3.960000000000000142e+01
2.415000000000000000e+03 3.520000000000000284e+01
2.430000000000000000e+03 3.740000000000000568e+01
2.445000000000000000e+03 3.080000000000000426e+01
2.460000000000000000e+03 3.080000000000000426e+01
2.475000000000000000e+03 3.740000000000000568e+01
2.490000000000000000e+03 4.180000000000000426e+01
2.535000000000000000e+03 4.840000000000000568e+01
2.565000000000000000e+03 5.280000000000000426e+01
2.580000000000000000e+03 3.960000000000000142e+01
2.595000000000000000e+03 3.300000000000000000e+01
2.610000000000000000e+03 3.300000000000000000e+01
2.625000000000000000e+03 2.420000000000000284e+01
2.640000000000000000e+03 2.640000000000000213e+01
2.655000000000000000e+03 4.400000000000000000e+01
2.670000000000000000e+03 3.740000000000000568e+01
2.685000000000000000e+03 3.960000000000000142e+01
2.715000000000000000e+03 3.080000000000000426e+01
2.730000000000000000e+03 3.300000000000000000e+01
2.745000000000000000e+03 3.300000000000000000e+01
2.760000000000000000e+03 3.080000000000000426e+01
2.775000000000000000e+03 3.300000000000000000e+01
2.790000000000000000e+03 2.420000000000000284e+01
2.805000000000000000e+03 2.200000000000000000e+01
2.820000000000000000e+03 2.420000000000000284e+01
2.835000000000000000e+03 3.080000000000000426e+01
2.850000000000000000e+03 2.640000000000000213e+01
2.865000000000000000e+03 2.420000000000000284e+01
2.880000000000000000e+03 2.200000000000000000e+01
2.895000000000000000e+03 2.860000000000000142e+01
2.910000000000000000e+03 2.420000000000000284e+01
2.925000000000000000e+03 3.960000000000000142e+01
2.940000000000000000e+03 3.300000000000000000e+01
2.955000000000000000e+03 3.080000000000000426e+01
2.970000000000000000e+03 3.080000000000000426e+01
2.985000000000000000e+03 3.080000000000000426e+01
3.000000000000000000e+03 3.080000000000000426e+01
3.015000000000000000e+03 2.860000000000000142e+01
3.030000000000000000e+03 3.080000000000000426e+01
3.045000000000000000e+03 3.960000000000000142e+01
3.060000000000000000e+03 3.520000000000000284e+01
3.075000000000000000e+03 2.420000000000000284e+01
3.090000000000000000e+03 3.080000000000000426e+01
3.105000000000000000e+03 3.740000000000000568e+01
3.120000000000000000e+03 3.300000000000000000e+01
3.135000000000000000e+03 4.400000000000000000e+01
3.150000000000000000e+03 4.180000000000000426e+01
3.165000000000000000e+03 3.960000000000000142e+01
3.180000000000000000e+03 3.960000000000000142e+01
3.195000000000000000e+03 3.300000000000000000e+01
3.210000000000000000e+03 2.640000000000000213e+01
3.225000000000000000e+03 3.080000000000000426e+01
3.240000000000000000e+03 2.860000000000000142e+01
3.255000000000000000e+03 2.860000000000000142e+01
3.270000000000000000e+03 3.080000000000000426e+01
3.285000000000000000e+03 3.520000000000000284e+01
3.300000000000000000e+03 3.080000000000000426e+01
3.315000000000000000e+03 4.840000000000000568e+01
3.330000000000000000e+03 3.520000000000000284e+01
3.345000000000000000e+03 4.620000000000000284e+01
3.360000000000000000e+03 4.180000000000000426e+01
3.375000000000000000e+03 3.300000000000000000e+01
3.390000000000000000e+03 5.060000000000000142e+01
3.405000000000000000e+03 3.300000000000000000e+01
3.420000000000000000e+03 3.300000000000000000e+01
3.435000000000000000e+03 2.860000000000000142e+01
3.450000000000000000e+03 4.400000000000000000e+01
3.465000000000000000e+03 3.520000000000000284e+01
3.480000000000000000e+03 3.080000000000000426e+01
3.495000000000000000e+03 2.860000000000000142e+01
3.510000000000000000e+03 4.180000000000000426e+01
3.525000000000000000e+03 4.840000000000000568e+01
3.540000000000000000e+03 3.520000000000000284e+01
3.555000000000000000e+03 3.080000000000000426e+01
3.570000000000000000e+03 3.300000000000000000e+01
3.585000000000000000e+03 3.740000000000000568e+01
3.600000000000000000e+03 3.960000000000000142e+01
3.615000000000000000e+03 4.620000000000000284e+01
3.630000000000000000e+03 4.840000000000000568e+01
3.645000000000000000e+03 4.620000000000000284e+01
3.660000000000000000e+03 4.620000000000000284e+01
3.675000000000000000e+03 3.300000000000000000e+01
3.690000000000000000e+03 4.400000000000000000e+01
3.705000000000000000e+03 4.400000000000000000e+01
3.720000000000000000e+03 4.400000000000000000e+01
3.735000000000000000e+03 3.960000000000000142e+01
3.750000000000000000e+03 4.400000000000000000e+01
3.765000000000000000e+03 4.400000000000000000e+01
3.780000000000000000e+03 4.180000000000000426e+01
3.795000000000000000e+03 4.620000000000000284e+01
3.810000000000000000e+03 3.960000000000000142e+01
3.825000000000000000e+03 4.180000000000000426e+01
3.840000000000000000e+03 5.060000000000000142e+01
3.855000000000000000e+03 4.180000000000000426e+01
3.870000000000000000e+03 3.080000000000000426e+01
3.885000000000000000e+03 3.080000000000000426e+01
3.900000000000000000e+03 3.520000000000000284e+01
3.915000000000000000e+03 3.740000000000000568e+01
3.930000000000000000e+03 3.960000000000000142e+01
3.945000000000000000e+03 3.300000000000000000e+01
3.960000000000000000e+03 2.640000000000000213e+01
3.975000000000000000e+03 2.860000000000000142e+01
3.990000000000000000e+03 3.080000000000000426e+01
4.005000000000000000e+03 3.080000000000000426e+01
4.020000000000000000e+03 3.080000000000000426e+01
4.035000000000000000e+03 3.520000000000000284e+01
4.050000000000000000e+03 3.300000000000000000e+01
4.065000000000000000e+03 3.080000000000000426e+01
4.080000000000000000e+03 3.520000000000000284e+01
4.095000000000000000e+03 3.300000000000000000e+01
4.110000000000000000e+03 3.300000000000000000e+01
4.125000000000000000e+03 3.740000000000000568e+01
4.140000000000000000e+03 3.300000000000000000e+01
4.155000000000000000e+03 3.740000000000000568e+01
4.170000000000000000e+03 3.080000000000000426e+01
4.185000000000000000e+03 2.860000000000000142e+01
4.200000000000000000e+03 3.520000000000000284e+01
4.215000000000000000e+03 2.420000000000000284e+01
4.230000000000000000e+03 3.960000000000000142e+01
4.245000000000000000e+03 3.520000000000000284e+01
4.260000000000000000e+03 3.740000000000000568e+01
4.275000000000000000e+03 2.860000000000000142e+01
4.290000000000000000e+03 2.420000000000000284e+01
4.305000000000000000e+03 2.640000000000000213e+01
4.320000000000000000e+03 3.080000000000000426e+01
4.335000000000000000e+03 3.300000000000000000e+01
4.350000000000000000e+03 3.300000000000000000e+01
4.365000000000000000e+03 3.520000000000000284e+01
4.380000000000000000e+03 3.300000000000000000e+01
4.395000000000000000e+03 3.080000000000000426e+01
4.410000000000000000e+03 3.300000000000000000e+01
4.425000000000000000e+03 3.960000000000000142e+01
4.440000000000000000e+03 4.180000000000000426e+01
4.455000000000000000e+03 3.960000000000000142e+01
4.470000000000000000e+03 3.300000000000000000e+01
4.485000000000000000e+03 3.080000000000000426e+01
4.500000000000000000e+03 3.960000000000000142e+01
4.515000000000000000e+03 2.860000000000000142e+01
4.530000000000000000e+03 3.740000000000000568e+01
4.545000000000000000e+03 3.520000000000000284e+01
4.560000000000000000e+03 3.080000000000000426e+01
4.575000000000000000e+03 3.080000000000000426e+01
4.590000000000000000e+03 3.960000000000000142e+01
4.605000000000000000e+03 3.960000000000000142e+01
4.620000000000000000e+03 3.740000000000000568e+01
4.635000000000000000e+03 3.080000000000000426e+01
4.650000000000000000e+03 3.520000000000000284e+01
4.665000000000000000e+03 3.960000000000000142e+01
4.680000000000000000e+03 4.400000000000000000e+01
4.695000000000000000e+03 3.300000000000000000e+01
4.710000000000000000e+03 3.520000000000000284e+01
4.725000000000000000e+03 4.180000000000000426e+01
4.740000000000000000e+03 4.180000000000000426e+01
4.755000000000000000e+03 3.740000000000000568e+01
4.770000000000000000e+03 3.520000000000000284e+01
4.785000000000000000e+03 3.520000000000000284e+01
4.800000000000000000e+03 3.520000000000000284e+01
4.815000000000000000e+03 4.180000000000000426e+01
4.830000000000000000e+03 4.400000000000000000e+01
4.845000000000000000e+03 3.300000000000000000e+01
4.860000000000000000e+03 3.300000000000000000e+01
4.875000000000000000e+03 3.740000000000000568e+01
4.890000000000000000e+03 3.960000000000000142e+01
4.905000000000000000e+03 3.960000000000000142e+01
4.920000000000000000e+03 3.960000000000000142e+01
4.935000000000000000e+03 4.180000000000000426e+01
4.950000000000000000e+03 3.740000000000000568e+01
4.965000000000000000e+03 3.080000000000000426e+01
4.980000000000000000e+03 3.740000000000000568e+01
4.995000000000000000e+03 3.300000000000000000e+01
5.010000000000000000e+03 3.740000000000000568e+01
5.025000000000000000e+03 3.960000000000000142e+01
5.040000000000000000e+03 3.080000000000000426e+01
5.055000000000000000e+03 4.400000000000000000e+01
5.070000000000000000e+03 3.520000000000000284e+01
5.085000000000000000e+03 4.620000000000000284e+01
5.100000000000000000e+03 3.520000000000000284e+01
5.115000000000000000e+03 3.520000000000000284e+01
5.130000000000000000e+03 3.960000000000000142e+01
5.145000000000000000e+03 3.300000000000000000e+01
5.160000000000000000e+03 4.400000000000000000e+01
5.175000000000000000e+03 3.740000000000000568e+01
5.190000000000000000e+03 4.400000000000000000e+01
5.205000000000000000e+03 4.180000000000000426e+01
5.220000000000000000e+03 4.620000000000000284e+01
5.235000000000000000e+03 3.960000000000000142e+01
5.250000000000000000e+03 3.520000000000000284e+01
5.265000000000000000e+03 3.520000000000000284e+01
5.280000000000000000e+03 3.300000000000000000e+01
5.295000000000000000e+03 3.300000000000000000e+01
5.310000000000000000e+03 3.080000000000000426e+01
5.325000000000000000e+03 3.080000000000000426e+01
5.340000000000000000e+03 3.740000000000000568e+01
5.355000000000000000e+03 4.620000000000000284e+01
5.370000000000000000e+03 4.400000000000000000e+01
5.385000000000000000e+03 4.400000000000000000e+01
5.400000000000000000e+03 3.960000000000000142e+01
5.415000000000000000e+03 3.520000000000000284e+01
5.430000000000000000e+03 2.860000000000000142e+01
5.445000000000000000e+03 3.740000000000000568e+01
5.460000000000000000e+03 3.300000000000000000e+01
5.475000000000000000e+03 3.960000000000000142e+01
5.490000000000000000e+03 3.520000000000000284e+01
5.505000000000000000e+03 3.520000000000000284e+01
5.520000000000000000e+03 3.520000000000000284e+01
5.535000000000000000e+03 3.300000000000000000e+01
5.550000000000000000e+03 2.860000000000000142e+01
5.565000000000000000e+03 3.300000000000000000e+01
5.580000000000000000e+03 3.740000000000000568e+01
5.595000000000000000e+03 3.520000000000000284e+01
5.610000000000000000e+03 3.080000000000000426e+01
5.625000000000000000e+03 3.520000000000000284e+01
5.640000000000000000e+03 3.080000000000000426e+01
5.655000000000000000e+03 3.520000000000000284e+01
5.670000000000000000e+03 3.960000000000000142e+01
5.685000000000000000e+03 2.860000000000000142e+01
5.700000000000000000e+03 3.520000000000000284e+01
5.715000000000000000e+03 3.080000000000000426e+01
5.730000000000000000e+03 3.740000000000000568e+01
5.745000000000000000e+03 3.300000000000000000e+01
5.760000000000000000e+03 3.960000000000000142e+01
5.775000000000000000e+03 2.860000000000000142e+01
5.790000000000000000e+03 3.300000000000000000e+01
5.805000000000000000e+03 3.300000000000000000e+01
5.820000000000000000e+03 3.960000000000000142e+01
5.835000000000000000e+03 4.400000000000000000e+01
5.850000000000000000e+03 3.300000000000000000e+01
5.865000000000000000e+03 3.740000000000000568e+01
5.880000000000000000e+03 3.520000000000000284e+01
5.895000000000000000e+03 3.740000000000000568e+01
5.910000000000000000e+03 2.640000000000000213e+01
5.925000000000000000e+03 4.400000000000000000e+01
5.940000000000000000e+03 3.740000000000000568e+01
5.955000000000000000e+03 4.180000000000000426e+01
5.970000000000000000e+03 3.960000000000000142e+01
5.985000000000000000e+03 3.520000000000000284e+01
6.000000000000000000e+03 5.060000000000000142e+01
6.015000000000000000e+03 4.180000000000000426e+01
6.030000000000000000e+03 3.960000000000000142e+01
6.045000000000000000e+03 3.960000000000000142e+01
6.060000000000000000e+03 5.280000000000000426e+01
6.075000000000000000e+03 5.280000000000000426e+01
6.090000000000000000e+03 4.840000000000000568e+01
6.105000000000000000e+03 3.960000000000000142e+01
6.120000000000000000e+03 3.520000000000000284e+01
6.135000000000000000e+03 4.840000000000000568e+01
6.150000000000000000e+03 3.960000000000000142e+01
6.165000000000000000e+03 4.400000000000000000e+01
6.180000000000000000e+03 4.400000000000000000e+01
6.195000000000000000e+03 4.180000000000000426e+01
6.210000000000000000e+03 4.620000000000000284e+01
6.225000000000000000e+03 3.740000000000000568e+01
6.240000000000000000e+03 3.960000000000000142e+01
6.255000000000000000e+03 3.960000000000000142e+01
6.270000000000000000e+03 4.180000000000000426e+01
6.285000000000000000e+03 4.620000000000000284e+01
6.300000000000000000e+03 4.620000000000000284e+01
6.330000000000000000e+03 4.620000000000000284e+01
6.345000000000000000e+03 5.060000000000000142e+01
6.360000000000000000e+03 4.180000000000000426e+01
6.375000000000000000e+03 4.180000000000000426e+01
6.390000000000000000e+03 4.180000000000000426e+01
6.420000000000000000e+03 4.400000000000000000e+01
6.435000000000000000e+03 4.840000000000000568e+01
6.450000000000000000e+03 4.400000000000000000e+01
6.465000000000000000e+03 4.400000000000000000e+01
6.480000000000000000e+03 4.400000000000000000e+01
6.495000000000000000e+03 4.180000000000000426e+01
6.510000000000000000e+03 3.960000000000000142e+01
6.525000000000000000e+03 4.620000000000000284e+01
6.540000000000000000e+03 4.180000000000000426e+01
6.555000000000000000e+03 4.620000000000000284e+01
6.570000000000000000e+03 5.280000000000000426e+01
6.585000000000000000e+03 4.180000000000000426e+01
6.600000000000000000e+03 4.400000000000000000e+01
6.615000000000000000e+03 3.960000000000000142e+01
6.630000000000000000e+03 3.960000000000000142e+01
6.645000000000000000e+03 3.960000000000000142e+01
6.660000000000000000e+03 3.520000000000000284e+01
6.675000000000000000e+03 4.840000000000000568e+01
6.690000000000000000e+03 4.400000000000000000e+01
6.705000000000000000e+03 5.060000000000000142e+01
6.720000000000000000e+03 4.400000000000000000e+01
6.735000000000000000e+03 3.960000000000000142e+01
6.750000000000000000e+03 4.400000000000000000e+01
6.765000000000000000e+03 3.740000000000000568e+01
6.780000000000000000e+03 4.180000000000000426e+01
6.795000000000000000e+03 3.520000000000000284e+01
6.810000000000000000e+03 3.960000000000000142e+01
6.825000000000000000e+03 3.740000000000000568e+01
6.840000000000000000e+03 4.400000000000000000e+01
6.870000000000000000e+03 3.960000000000000142e+01
6.900000000000000000e+03 3.300000000000000000e+01
6.915000000000000000e+03 3.740000000000000568e+01
6.930000000000000000e+03 3.740000000000000568e+01
6.945000000000000000e+03 3.300000000000000000e+01
6.960000000000000000e+03 3.960000000000000142e+01
6.975000000000000000e+03 3.520000000000000284e+01
6.990000000000000000e+03 3.300000000000000000e+01
7.005000000000000000e+03 3.080000000000000426e+01
7.020000000000000000e+03 3.080000000000000426e+01
7.050000000000000000e+03 3.300000000000000000e+01
7.065000000000000000e+03 3.300000000000000000e+01
7.080000000000000000e+03 2.860000000000000142e+01
7.095000000000000000e+03 3.520000000000000284e+01
7.110000000000000000e+03 3.300000000000000000e+01
7.125000000000000000e+03 3.300000000000000000e+01
7.140000000000000000e+03 3.080000000000000426e+01
7.155000000000000000e+03 3.960000000000000142e+01
7.170000000000000000e+03 3.080000000000000426e+01
7.185000000000000000e+03 3.520000000000000284e+01
7.200000000000000000e+03 3.080000000000000426e+01
7.215000000000000000e+03 3.520000000000000284e+01
7.230000000000000000e+03 3.960000000000000142e+01
7.245000000000000000e+03 3.960000000000000142e+01
7.260000000000000000e+03 3.520000000000000284e+01
7.275000000000000000e+03 3.300000000000000000e+01
7.290000000000000000e+03 3.520000000000000284e+01
7.305000000000000000e+03 3.300000000000000000e+01
7.320000000000000000e+03 3.300000000000000000e+01
7.335000000000000000e+03 3.520000000000000284e+01
7.350000000000000000e+03 3.960000000000000142e+01
7.365000000000000000e+03 3.520000000000000284e+01
7.380000000000000000e+03 3.960000000000000142e+01
7.395000000000000000e+03 3.520000000000000284e+01
7.410000000000000000e+03 3.520000000000000284e+01
7.425000000000000000e+03 3.300000000000000000e+01
7.440000000000000000e+03 3.960000000000000142e+01
7.455000000000000000e+03 3.740000000000000568e+01
7.470000000000000000e+03 3.740000000000000568e+01
7.485000000000000000e+03 3.740000000000000568e+01
7.500000000000000000e+03 3.740000000000000568e+01
7.515000000000000000e+03 3.300000000000000000e+01
7.530000000000000000e+03 3.740000000000000568e+01
7.545000000000000000e+03 3.300000000000000000e+01
7.560000000000000000e+03 4.180000000000000426e+01
7.575000000000000000e+03 3.740000000000000568e+01
7.590000000000000000e+03 3.300000000000000000e+01
7.605000000000000000e+03 3.740000000000000568e+01
2.346000000000000000e+04 3.080000000000000426e+01
2.347500000000000000e+04 2.860000000000000142e+01
2.349000000000000000e+04 3.080000000000000426e+01
2.350500000000000000e+04 3.080000000000000426e+01
2.352000000000000000e+04 3.300000000000000000e+01
2.353500000000000000e+04 3.080000000000000426e+01
2.355000000000000000e+04 3.300000000000000000e+01
2.356500000000000000e+04 3.080000000000000426e+01
2.358000000000000000e+04 3.300000000000000000e+01
2.359500000000000000e+04 3.300000000000000000e+01
2.361000000000000000e+04 3.300000000000000000e+01
2.362500000000000000e+04 3.300000000000000000e+01
2.364000000000000000e+04 3.300000000000000000e+01
2.365500000000000000e+04 3.080000000000000426e+01
2.367000000000000000e+04 3.080000000000000426e+01
2.368500000000000000e+04 3.080000000000000426e+01
2.370000000000000000e+04 3.300000000000000000e+01
2.371500000000000000e+04 3.300000000000000000e+01
2.373000000000000000e+04 3.300000000000000000e+01
2.374500000000000000e+04 3.300000000000000000e+01
2.376000000000000000e+04 3.300000000000000000e+01
2.377500000000000000e+04 3.520000000000000284e+01
2.379000000000000000e+04 3.300000000000000000e+01
2.380500000000000000e+04 3.520000000000000284e+01
2.382000000000000000e+04 3.300000000000000000e+01
2.383500000000000000e+04 3.300000000000000000e+01
2.385000000000000000e+04 3.300000000000000000e+01
2.386500000000000000e+04 3.300000000000000000e+01
2.388000000000000000e+04 3.520000000000000284e+01
2.389500000000000000e+04 3.300000000000000000e+01
2.391000000000000000e+04 3.080000000000000426e+01
2.392500000000000000e+04 3.080000000000000426e+01
2.394000000000000000e+04 2.860000000000000142e+01
2.395500000000000000e+04 3.520000000000000284e+01
2.397000000000000000e+04 3.080000000000000426e+01
2.398500000000000000e+04 2.860000000000000142e+01
2.400000000000000000e+04 2.860000000000000142e+01
2.401500000000000000e+04 2.640000000000000213e+01
2.403000000000000000e+04 2.860000000000000142e+01
2.404500000000000000e+04 2.860000000000000142e+01
2.406000000000000000e+04 2.640000000000000213e+01
2.407500000000000000e+04 3.080000000000000426e+01
2.409000000000000000e+04 2.860000000000000142e+01
2.410500000000000000e+04 2.860000000000000142e+01
2.412000000000000000e+04 3.080000000000000426e+01
2.413500000000000000e+04 2.860000000000000142e+01
2.415000000000000000e+04 3.080000000000000426e+01
2.416500000000000000e+04 3.300000000000000000e+01
2.418000000000000000e+04 3.080000000000000426e+01
2.419500000000000000e+04 2.860000000000000142e+01
2.421000000000000000e+04 2.860000000000000142e+01
2.422500000000000000e+04 2.860000000000000142e+01
2.424000000000000000e+04 3.080000000000000426e+01
2.425500000000000000e+04 2.640000000000000213e+01
2.427000000000000000e+04 2.640000000000000213e+01
2.428500000000000000e+04 3.080000000000000426e+01
2.430000000000000000e+04 3.080000000000000426e+01
2.431500000000000000e+04 3.080000000000000426e+01
2.433000000000000000e+04 3.080000000000000426e+01
2.434500000000000000e+04 3.080000000000000426e+01
2.436000000000000000e+04 3.080000000000000426e+01
2.437500000000000000e+04 3.080000000000000426e+01
2.439000000000000000e+04 3.080000000000000426e+01
2.440500000000000000e+04 3.080000000000000426e+01
2.442000000000000000e+04 3.300000000000000000e+01
2.443500000000000000e+04 3.300000000000000000e+01
2.445000000000000000e+04 2.860000000000000142e+01
2.446500000000000000e+04 2.860000000000000142e+01
2.448000000000000000e+04 2.420000000000000284e+01
2.449500000000000000e+04 2.640000000000000213e+01
2.451000000000000000e+04 2.640000000000000213e+01
2.452500000000000000e+04 2.860000000000000142e+01
2.454000000000000000e+04 2.640000000000000213e+01
2.455500000000000000e+04 2.860000000000000142e+01
2.457000000000000000e+04 2.420000000000000284e+01
2.458500000000000000e+04 2.640000000000000213e+01
2.460000000000000000e+04 2.640000000000000213e+01
2.461500000000000000e+04 2.640000000000000213e+01
2.463000000000000000e+04 2.860000000000000142e+01
2.464500000000000000e+04 2.640000000000000213e+01
2.466000000000000000e+04 2.640000000000000213e+01
2.467500000000000000e+04 2.640000000000000213e+01
2.469000000000000000e+04 2.640000000000000213e+01
2.470500000000000000e+04 2.640000000000000213e+01
2.472000000000000000e+04 2.640000000000000213e+01
2.473500000000000000e+04 2.640000000000000213e+01
2.475000000000000000e+04 2.420000000000000284e+01
2.476500000000000000e+04 2.640000000000000213e+01
2.478000000000000000e+04 2.860000000000000142e+01
2.479500000000000000e+04 2.640000000000000213e+01
2.481000000000000000e+04 2.640000000000000213e+01
2.482500000000000000e+04 2.640000000000000213e+01
2.484000000000000000e+04 2.640000000000000213e+01
2.485500000000000000e+04 2.860000000000000142e+01
2.487000000000000000e+04 2.640000000000000213e+01
2.488500000000000000e+04 2.860000000000000142e+01
2.490000000000000000e+04 2.640000000000000213e+01
2.491500000000000000e+04 2.420000000000000284e+01
2.493000000000000000e+04 2.640000000000000213e+01
2.494500000000000000e+04 2.640000000000000213e+01
2.496000000000000000e+04 2.860000000000000142e+01
2.497500000000000000e+04 2.640000000000000213e+01
2.499000000000000000e+04 2.640000000000000213e+01
2.500500000000000000e+04 2.860000000000000142e+01
2.502000000000000000e+04 3.080000000000000426e+01
2.503500000000000000e+04 3.080000000000000426e+01
2.505000000000000000e+04 2.860000000000000142e+01
2.506500000000000000e+04 3.080000000000000426e+01
2.508000000000000000e+04 2.640000000000000213e+01
2.509500000000000000e+04 2.860000000000000142e+01
2.511000000000000000e+04 2.860000000000000142e+01
2.512500000000000000e+04 2.860000000000000142e+01
2.514000000000000000e+04 2.860000000000000142e+01
2.515500000000000000e+04 2.860000000000000142e+01
2.517000000000000000e+04 2.860000000000000142e+01
2.518500000000000000e+04 2.640000000000000213e+01
2.520000000000000000e+04 2.860000000000000142e+01
2.521500000000000000e+04 2.860000000000000142e+01
2.523000000000000000e+04 2.860000000000000142e+01
2.524500000000000000e+04 2.640000000000000213e+01
2.526000000000000000e+04 2.640000000000000213e+01
2.527500000000000000e+04 2.860000000000000142e+01
2.529000000000000000e+04 2.860000000000000142e+01
2.530500000000000000e+04 2.640000000000000213e+01
2.532000000000000000e+04 2.640000000000000213e+01
2.533500000000000000e+04 2.640000000000000213e+01
2.535000000000000000e+04 2.640000000000000213e+01
2.536500000000000000e+04 2.640000000000000213e+01
2.538000000000000000e+04 2.640000000000000213e+01
2.539500000000000000e+04 2.640000000000000213e+01
2.541000000000000000e+04 2.640000000000000213e+01
2.542500000000000000e+04 2.420000000000000284e+01
2.544000000000000000e+04 2.640000000000000213e+01
2.545500000000000000e+04 2.420000000000000284e+01
2.547000000000000000e+04 2.420000000000000284e+01
2.548500000000000000e+04 2.420000000000000284e+01
2.550000000000000000e+04 2.133999999999999986e+01
2.551500000000000000e+04 1.650000000000000000e+01
2.553000000000000000e+04 1.562000000000000099e+01
2.554500000000000000e+04 1.606000000000000227e+01
2.556000000000000000e+04 1.671999999999999886e+01
2.557500000000000000e+04 1.760000000000000142e+01
2.559000000000000000e+04 1.716000000000000014e+01
2.560500000000000000e+04 1.803999999999999915e+01
2.562000000000000000e+04 1.606000000000000227e+01
2.563500000000000000e+04 1.738000000000000256e+01
2.565000000000000000e+04 1.540000000000000213e+01
2.566500000000000000e+04 1.716000000000000014e+01
2.568000000000000000e+04 1.474000000000000199e+01
2.569500000000000000e+04 1.540000000000000213e+01
2.571000000000000000e+04 1.540000000000000213e+01
2.572500000000000000e+04 1.628000000000000114e+01
2.574000000000000000e+04 1.451999999999999957e+01
2.575500000000000000e+04 1.518000000000000149e+01
2.577000000000000000e+04 1.606000000000000227e+01
2.578500000000000000e+04 1.694000000000000128e+01
2.580000000000000000e+04 1.826000000000000156e+01
2.581500000000000000e+04 1.694000000000000128e+01
2.583000000000000000e+04 1.606000000000000227e+01
2.584500000000000000e+04 1.628000000000000114e+01
2.586000000000000000e+04 1.496000000000000085e+01
2.587500000000000000e+04 1.694000000000000128e+01
2.589000000000000000e+04 1.606000000000000227e+01
2.590500000000000000e+04 1.451999999999999957e+01
2.592000000000000000e+04 1.540000000000000213e+01
2.593500000000000000e+04 1.364000000000000234e+01
2.595000000000000000e+04 1.584000000000000163e+01
2.596500000000000000e+04 1.803999999999999915e+01
2.598000000000000000e+04 1.540000000000000213e+01
2.599500000000000000e+04 1.562000000000000099e+01
2.601000000000000000e+04 1.584000000000000163e+01
2.602500000000000000e+04 1.408000000000000185e+01
2.604000000000000000e+04 1.496000000000000085e+01
2.605500000000000000e+04 1.540000000000000213e+01
2.607000000000000000e+04 1.474000000000000199e+01
2.608500000000000000e+04 1.584000000000000163e+01
2.610000000000000000e+04 1.606000000000000227e+01
2.611500000000000000e+04 1.606000000000000227e+01
2.613000000000000000e+04 1.650000000000000000e+01
2.614500000000000000e+04 1.606000000000000227e+01
2.616000000000000000e+04 1.628000000000000114e+01
2.617500000000000000e+04 1.496000000000000085e+01
2.619000000000000000e+04 1.496000000000000085e+01
2.620500000000000000e+04 1.474000000000000199e+01
2.622000000000000000e+04 1.518000000000000149e+01
2.623500000000000000e+04 1.474000000000000199e+01
2.625000000000000000e+04 1.474000000000000199e+01
2.626500000000000000e+04 1.451999999999999957e+01
2.628000000000000000e+04 1.451999999999999957e+01
2.629500000000000000e+04 1.474000000000000199e+01
2.631000000000000000e+04 1.584000000000000163e+01
2.632500000000000000e+04 1.474000000000000199e+01
2.634000000000000000e+04 1.562000000000000099e+01
2.635500000000000000e+04 1.694000000000000128e+01
2.637000000000000000e+04 1.496000000000000085e+01
2.638500000000000000e+04 1.430000000000000071e+01
2.640000000000000000e+04 1.671999999999999886e+01
2.641500000000000000e+04 1.474000000000000199e+01
2.643000000000000000e+04 1.606000000000000227e+01
2.644500000000000000e+04 1.540000000000000213e+01
2.646000000000000000e+04 1.474000000000000199e+01
2.647500000000000000e+04 1.584000000000000163e+01
2.649000000000000000e+04 1.606000000000000227e+01
2.650500000000000000e+04 1.408000000000000185e+01
2.652000000000000000e+04 1.518000000000000149e+01
2.653500000000000000e+04 1.650000000000000000e+01
2.655000000000000000e+04 1.496000000000000085e+01
2.656500000000000000e+04 1.782000000000000028e+01
2.658000000000000000e+04 1.650000000000000000e+01
2.659500000000000000e+04 1.451999999999999957e+01
2.661000000000000000e+04 1.936000000000000298e+01
2.662500000000000000e+04 1.320000000000000107e+01
2.664000000000000000e+04 1.341999999999999993e+01
2.665500000000000000e+04 1.408000000000000185e+01
2.667000000000000000e+04 1.540000000000000213e+01
2.668500000000000000e+04 1.496000000000000085e+01
2.670000000000000000e+04 1.628000000000000114e+01
2.671500000000000000e+04 1.738000000000000256e+01
2.673000000000000000e+04 2.178000000000000114e+01
2.674500000000000000e+04 1.518000000000000149e+01
2.676000000000000000e+04 1.671999999999999886e+01
2.677500000000000000e+04 1.716000000000000014e+01
2.679000000000000000e+04 1.584000000000000163e+01
2.680500000000000000e+04 1.518000000000000149e+01
2.682000000000000000e+04 1.518000000000000149e+01
2.683500000000000000e+04 1.671999999999999886e+01
2.685000000000000000e+04 1.408000000000000185e+01
2.686500000000000000e+04 1.474000000000000199e+01
2.688000000000000000e+04 1.518000000000000149e+01
2.689500000000000000e+04 1.408000000000000185e+01
2.691000000000000000e+04 1.496000000000000085e+01
2.692500000000000000e+04 1.386000000000000121e+01
2.694000000000000000e+04 1.540000000000000213e+01
2.695500000000000000e+04 1.275999999999999979e+01
2.697000000000000000e+04 1.298000000000000220e+01
2.698500000000000000e+04 1.254000000000000092e+01
2.700000000000000000e+04 1.364000000000000234e+01
2.701500000000000000e+04 1.386000000000000121e+01
2.703000000000000000e+04 1.408000000000000185e+01
2.704500000000000000e+04 1.232000000000000028e+01
2.706000000000000000e+04 1.210000000000000142e+01
2.707500000000000000e+04 1.474000000000000199e+01
2.709000000000000000e+04 1.430000000000000071e+01
2.710500000000000000e+04 1.474000000000000199e+01
2.712000000000000000e+04 1.386000000000000121e+01
2.713500000000000000e+04 1.232000000000000028e+01
2.715000000000000000e+04 1.364000000000000234e+01
2.716500000000000000e+04 1.275999999999999979e+01
2.718000000000000000e+04 1.275999999999999979e+01
2.719500000000000000e+04 1.232000000000000028e+01
2.721000000000000000e+04 1.341999999999999993e+01
2.724000000000000000e+04 1.540000000000000213e+01
2.725500000000000000e+04 1.518000000000000149e+01
2.727000000000000000e+04 1.232000000000000028e+01
2.728500000000000000e+04 1.408000000000000185e+01
2.737500000000000000e+04 1.803999999999999915e+01
2.739000000000000000e+04 1.298000000000000220e+01
2.742000000000000000e+04 1.671999999999999886e+01
2.743500000000000000e+04 1.275999999999999979e+01
2.745000000000000000e+04 1.232000000000000028e+01
2.746500000000000000e+04 1.628000000000000114e+01
2.748000000000000000e+04 1.166000000000000014e+01
2.749500000000000000e+04 1.122000000000000064e+01
2.751000000000000000e+04 1.232000000000000028e+01
2.752500000000000000e+04 9.900000000000000355e+00
2.754000000000000000e+04 1.122000000000000064e+01
2.755500000000000000e+04 9.680000000000001492e+00
2.757000000000000000e+04 1.451999999999999957e+01
2.758500000000000000e+04 1.958000000000000185e+01
2.760000000000000000e+04 1.782000000000000028e+01
2.761500000000000000e+04 1.496000000000000085e+01
2.763000000000000000e+04 1.341999999999999993e+01
2.764500000000000000e+04 1.518000000000000149e+01
2.766000000000000000e+04 1.451999999999999957e+01
2.767500000000000000e+04 1.540000000000000213e+01
2.769000000000000000e+04 1.408000000000000185e+01
2.770500000000000000e+04 1.386000000000000121e+01
2.772000000000000000e+04 1.232000000000000028e+01
2.773500000000000000e+04 1.540000000000000213e+01
2.775000000000000000e+04 1.254000000000000092e+01
2.776500000000000000e+04 1.298000000000000220e+01
2.778000000000000000e+04 1.254000000000000092e+01
2.779500000000000000e+04 1.562000000000000099e+01
2.781000000000000000e+04 1.451999999999999957e+01
2.782500000000000000e+04 1.320000000000000107e+01
2.784000000000000000e+04 1.232000000000000028e+01
2.785500000000000000e+04 1.298000000000000220e+01
2.787000000000000000e+04 1.958000000000000185e+01
2.788500000000000000e+04 1.254000000000000092e+01
2.790000000000000000e+04 1.408000000000000185e+01
2.791500000000000000e+04 1.914000000000000057e+01
2.793000000000000000e+04 1.430000000000000071e+01
2.794500000000000000e+04 1.451999999999999957e+01
2.796000000000000000e+04 1.298000000000000220e+01
2.797500000000000000e+04 1.540000000000000213e+01
2.799000000000000000e+04 1.364000000000000234e+01
2.800500000000000000e+04 1.254000000000000092e+01
2.802000000000000000e+04 1.386000000000000121e+01
2.803500000000000000e+04 1.584000000000000163e+01
2.805000000000000000e+04 1.210000000000000142e+01
2.806500000000000000e+04 1.430000000000000071e+01
2.808000000000000000e+04 1.914000000000000057e+01
2.809500000000000000e+04 1.386000000000000121e+01
2.811000000000000000e+04 1.474000000000000199e+01
2.812500000000000000e+04 1.430000000000000071e+01
2.814000000000000000e+04 1.386000000000000121e+01
2.815500000000000000e+04 1.275999999999999979e+01
2.817000000000000000e+04 1.232000000000000028e+01
2.818500000000000000e+04 1.232000000000000028e+01
2.820000000000000000e+04 1.298000000000000220e+01
2.821500000000000000e+04 1.232000000000000028e+01
2.823000000000000000e+04 1.254000000000000092e+01
2.824500000000000000e+04 1.144000000000000128e+01
2.826000000000000000e+04 1.364000000000000234e+01
2.827500000000000000e+04 1.386000000000000121e+01
2.829000000000000000e+04 1.056000000000000050e+01
2.830500000000000000e+04 1.232000000000000028e+01
2.832000000000000000e+04 1.430000000000000071e+01
2.833500000000000000e+04 1.254000000000000092e+01
2.835000000000000000e+04 2.178000000000000114e+01
2.836500000000000000e+04 1.166000000000000014e+01
2.839500000000000000e+04 1.408000000000000185e+01
2.841000000000000000e+04 1.100000000000000000e+01
2.842500000000000000e+04 1.386000000000000121e+01
2.844000000000000000e+04 1.188000000000000256e+01
2.845500000000000000e+04 1.078000000000000114e+01
2.847000000000000000e+04 1.122000000000000064e+01
2.848500000000000000e+04 1.078000000000000114e+01
2.850000000000000000e+04 1.122000000000000064e+01
2.851500000000000000e+04 1.254000000000000092e+01
2.853000000000000000e+04 1.826000000000000156e+01
2.854500000000000000e+04 1.100000000000000000e+01
2.856000000000000000e+04 1.694000000000000128e+01
2.857500000000000000e+04 1.562000000000000099e+01
2.859000000000000000e+04 1.738000000000000256e+01
2.860500000000000000e+04 1.210000000000000142e+01
2.862000000000000000e+04 1.341999999999999993e+01
2.863500000000000000e+04 1.628000000000000114e+01
2.865000000000000000e+04 1.980000000000000071e+01
2.866500000000000000e+04 1.782000000000000028e+01
2.868000000000000000e+04 1.232000000000000028e+01
2.869500000000000000e+04 1.056000000000000050e+01
2.871000000000000000e+04 1.188000000000000256e+01
2.872500000000000000e+04 1.694000000000000128e+01
2.874000000000000000e+04 1.496000000000000085e+01
2.875500000000000000e+04 1.694000000000000128e+01
2.877000000000000000e+04 1.451999999999999957e+01
2.878500000000000000e+04 1.540000000000000213e+01
2.881500000000000000e+04 1.540000000000000213e+01
2.883000000000000000e+04 1.078000000000000114e+01
2.884500000000000000e+04 1.496000000000000085e+01
2.886000000000000000e+04 9.460000000000000853e+00
2.890500000000000000e+04 9.460000000000000853e+00
2.892000000000000000e+04 1.803999999999999915e+01
2.893500000000000000e+04 1.254000000000000092e+01
2.896500000000000000e+04 1.364000000000000234e+01
2.898000000000000000e+04 9.460000000000000853e+00
2.899500000000000000e+04 2.023999999999999844e+01
2.901000000000000000e+04 1.320000000000000107e+01
2.902500000000000000e+04 1.232000000000000028e+01
2.904000000000000000e+04 1.078000000000000114e+01
2.905500000000000000e+04 1.320000000000000107e+01
2.907000000000000000e+04 1.254000000000000092e+01
2.908500000000000000e+04 1.254000000000000092e+01
2.910000000000000000e+04 1.100000000000000000e+01
2.911500000000000000e+04 1.408000000000000185e+01
2.913000000000000000e+04 1.430000000000000071e+01
2.914500000000000000e+04 1.298000000000000220e+01
2.916000000000000000e+04 1.430000000000000071e+01
2.917500000000000000e+04 1.166000000000000014e+01
2.919000000000000000e+04 1.254000000000000092e+01
2.920500000000000000e+04 1.166000000000000014e+01
3.642000000000000000e+04 1.320000000000000107e+01
3.643500000000000000e+04 1.254000000000000092e+01
3.645000000000000000e+04 1.210000000000000142e+01
3.646500000000000000e+04 1.364000000000000234e+01
3.648000000000000000e+04 1.474000000000000199e+01
3.649500000000000000e+04 1.275999999999999979e+01
3.651000000000000000e+04 1.210000000000000142e+01
3.652500000000000000e+04 1.320000000000000107e+01
3.654000000000000000e+04 1.298000000000000220e+01
3.655500000000000000e+04 1.341999999999999993e+01
3.657000000000000000e+04 1.386000000000000121e+01
3.658500000000000000e+04 1.562000000000000099e+01
3.660000000000000000e+04 1.364000000000000234e+01
3.661500000000000000e+04 1.144000000000000128e+01
3.663000000000000000e+04 1.144000000000000128e+01
3.664500000000000000e+04 1.275999999999999979e+01
3.666000000000000000e+04 1.275999999999999979e+01
3.667500000000000000e+04 1.188000000000000256e+01
3.669000000000000000e+04 1.474000000000000199e+01
3.670500000000000000e+04 1.232000000000000028e+01
3.672000000000000000e+04 1.275999999999999979e+01
3.673500000000000000e+04 1.451999999999999957e+01
3.675000000000000000e+04 1.408000000000000185e+01
3.676500000000000000e+04 1.341999999999999993e+01
3.678000000000000000e+04 1.451999999999999957e+01
3.679500000000000000e+04 1.386000000000000121e+01
3.681000000000000000e+04 1.364000000000000234e+01
3.682500000000000000e+04 1.188000000000000256e+01
3.684000000000000000e+04 1.341999999999999993e+01
3.685500000000000000e+04 1.210000000000000142e+01
3.687000000000000000e+04 1.606000000000000227e+01
3.688500000000000000e+04 1.166000000000000014e+01
3.690000000000000000e+04 1.210000000000000142e+01
3.691500000000000000e+04 1.144000000000000128e+01
3.693000000000000000e+04 1.430000000000000071e+01
3.694500000000000000e+04 1.210000000000000142e+01
3.696000000000000000e+04 1.298000000000000220e+01
3.697500000000000000e+04 1.430000000000000071e+01
3.699000000000000000e+04 1.166000000000000014e+01
3.700500000000000000e+04 1.011999999999999922e+01
3.702000000000000000e+04 1.166000000000000014e+01
3.703500000000000000e+04 1.100000000000000000e+01
3.705000000000000000e+04 1.232000000000000028e+01
3.706500000000000000e+04 1.386000000000000121e+01
3.708000000000000000e+04 1.275999999999999979e+01
3.709500000000000000e+04 1.694000000000000128e+01
3.711000000000000000e+04 1.254000000000000092e+01
3.712500000000000000e+04 1.298000000000000220e+01
3.714000000000000000e+04 1.408000000000000185e+01
3.715500000000000000e+04 1.298000000000000220e+01
3.717000000000000000e+04 1.188000000000000256e+01
3.718500000000000000e+04 1.166000000000000014e+01
3.720000000000000000e+04 1.034000000000000163e+01
3.721500000000000000e+04 1.210000000000000142e+01
3.723000000000000000e+04 9.460000000000000853e+00
3.724500000000000000e+04 9.240000000000001990e+00
3.726000000000000000e+04 9.900000000000000355e+00
3.727500000000000000e+04 1.188000000000000256e+01
3.729000000000000000e+04 1.078000000000000114e+01
3.730500000000000000e+04 1.078000000000000114e+01
3.732000000000000000e+04 1.056000000000000050e+01
3.733500000000000000e+04 1.100000000000000000e+01
3.735000000000000000e+04 1.056000000000000050e+01
3.736500000000000000e+04 1.166000000000000014e+01
3.738000000000000000e+04 1.364000000000000234e+01
3.739500000000000000e+04 1.254000000000000092e+01
3.741000000000000000e+04 1.188000000000000256e+01
3.742500000000000000e+04 1.078000000000000114e+01
3.744000000000000000e+04 1.188000000000000256e+01
3.745500000000000000e+04 1.606000000000000227e+01
3.747000000000000000e+04 2.112000000000000099e+01
3.748500000000000000e+04 1.056000000000000050e+01
3.750000000000000000e+04 1.078000000000000114e+01
3.751500000000000000e+04 1.122000000000000064e+01
3.753000000000000000e+04 1.166000000000000014e+01
3.754500000000000000e+04 1.056000000000000050e+01
3.756000000000000000e+04 1.100000000000000000e+01
3.757500000000000000e+04 1.254000000000000092e+01
3.759000000000000000e+04 1.011999999999999922e+01
3.760500000000000000e+04 1.100000000000000000e+01
3.762000000000000000e+04 1.275999999999999979e+01
3.763500000000000000e+04 1.056000000000000050e+01
3.765000000000000000e+04 1.275999999999999979e+01
3.766500000000000000e+04 1.341999999999999993e+01
3.768000000000000000e+04 1.144000000000000128e+01
3.769500000000000000e+04 1.122000000000000064e+01
3.771000000000000000e+04 1.210000000000000142e+01
3.772500000000000000e+04 1.386000000000000121e+01
3.774000000000000000e+04 1.430000000000000071e+01
3.775500000000000000e+04 1.320000000000000107e+01
3.777000000000000000e+04 1.210000000000000142e+01
3.778500000000000000e+04 1.386000000000000121e+01
3.780000000000000000e+04 1.275999999999999979e+01
3.781500000000000000e+04 1.166000000000000014e+01
3.783000000000000000e+04 1.386000000000000121e+01
3.784500000000000000e+04 1.386000000000000121e+01
3.786000000000000000e+04 1.584000000000000163e+01
3.787500000000000000e+04 1.232000000000000028e+01
3.789000000000000000e+04 1.275999999999999979e+01
3.790500000000000000e+04 1.210000000000000142e+01
3.792000000000000000e+04 1.275999999999999979e+01
3.793500000000000000e+04 1.386000000000000121e+01
3.795000000000000000e+04 1.210000000000000142e+01
3.796500000000000000e+04 1.144000000000000128e+01
3.798000000000000000e+04 1.210000000000000142e+01
3.799500000000000000e+04 1.341999999999999993e+01
3.801000000000000000e+04 1.341999999999999993e+01
3.802500000000000000e+04 1.408000000000000185e+01
3.804000000000000000e+04 1.386000000000000121e+01
3.805500000000000000e+04 1.320000000000000107e+01
3.807000000000000000e+04 1.275999999999999979e+01
3.808500000000000000e+04 1.122000000000000064e+01
3.810000000000000000e+04 1.451999999999999957e+01
3.811500000000000000e+04 1.254000000000000092e+01
3.813000000000000000e+04 1.518000000000000149e+01
3.814500000000000000e+04 1.341999999999999993e+01
3.816000000000000000e+04 1.364000000000000234e+01
3.817500000000000000e+04 1.298000000000000220e+01
3.819000000000000000e+04 1.254000000000000092e+01
3.820500000000000000e+04 1.320000000000000107e+01
3.822000000000000000e+04 1.386000000000000121e+01
3.823500000000000000e+04 1.188000000000000256e+01
3.825000000000000000e+04 1.386000000000000121e+01
3.826500000000000000e+04 1.210000000000000142e+01
3.828000000000000000e+04 1.232000000000000028e+01
3.829500000000000000e+04 1.232000000000000028e+01
3.831000000000000000e+04 1.056000000000000050e+01
3.832500000000000000e+04 1.034000000000000163e+01
3.834000000000000000e+04 1.011999999999999922e+01
3.835500000000000000e+04 1.275999999999999979e+01
3.837000000000000000e+04 1.144000000000000128e+01
3.838500000000000000e+04 1.056000000000000050e+01
3.840000000000000000e+04 1.275999999999999979e+01
3.841500000000000000e+04 1.100000000000000000e+01
3.843000000000000000e+04 1.210000000000000142e+01
3.844500000000000000e+04 1.275999999999999979e+01
3.846000000000000000e+04 1.144000000000000128e+01
3.847500000000000000e+04 1.628000000000000114e+01
3.849000000000000000e+04 1.144000000000000128e+01
3.850500000000000000e+04 1.166000000000000014e+01
3.852000000000000000e+04 1.034000000000000163e+01
3.853500000000000000e+04 1.144000000000000128e+01
3.855000000000000000e+04 1.232000000000000028e+01
3.856500000000000000e+04 1.056000000000000050e+01
3.858000000000000000e+04 1.078000000000000114e+01
3.859500000000000000e+04 9.900000000000000355e+00
3.861000000000000000e+04 1.144000000000000128e+01
3.862500000000000000e+04 1.122000000000000064e+01
3.864000000000000000e+04 1.056000000000000050e+01
3.865500000000000000e+04 1.122000000000000064e+01
3.867000000000000000e+04 1.232000000000000028e+01
3.868500000000000000e+04 1.011999999999999922e+01
3.870000000000000000e+04 2.068000000000000327e+01
3.871500000000000000e+04 1.122000000000000064e+01
3.873000000000000000e+04 1.166000000000000014e+01
3.874500000000000000e+04 1.056000000000000050e+01
3.876000000000000000e+04 1.034000000000000163e+01
3.877500000000000000e+04 1.122000000000000064e+01
3.879000000000000000e+04 1.011999999999999922e+01
3.880500000000000000e+04 1.100000000000000000e+01
3.882000000000000000e+04 1.254000000000000092e+01
3.883500000000000000e+04 1.100000000000000000e+01
3.885000000000000000e+04 1.341999999999999993e+01
3.886500000000000000e+04 1.540000000000000213e+01
3.888000000000000000e+04 1.386000000000000121e+01
3.889500000000000000e+04 1.210000000000000142e+01
3.891000000000000000e+04 1.056000000000000050e+01
3.892500000000000000e+04 1.144000000000000128e+01
3.894000000000000000e+04 1.100000000000000000e+01
3.895500000000000000e+04 1.100000000000000000e+01
3.897000000000000000e+04 1.034000000000000163e+01
3.898500000000000000e+04 1.100000000000000000e+01
3.900000000000000000e+04 1.166000000000000014e+01
3.901500000000000000e+04 1.364000000000000234e+01
3.903000000000000000e+04 1.144000000000000128e+01
3.904500000000000000e+04 1.275999999999999979e+01
3.906000000000000000e+04 1.386000000000000121e+01
3.907500000000000000e+04 1.386000000000000121e+01
3.909000000000000000e+04 1.364000000000000234e+01
3.910500000000000000e+04 1.628000000000000114e+01
3.912000000000000000e+04 1.451999999999999957e+01
3.913500000000000000e+04 1.408000000000000185e+01
3.915000000000000000e+04 1.496000000000000085e+01
3.916500000000000000e+04 1.496000000000000085e+01
3.918000000000000000e+04 1.341999999999999993e+01
3.919500000000000000e+04 1.408000000000000185e+01
3.921000000000000000e+04 1.364000000000000234e+01
3.922500000000000000e+04 1.474000000000000199e+01
3.924000000000000000e+04 1.341999999999999993e+01
3.925500000000000000e+04 1.451999999999999957e+01
3.927000000000000000e+04 1.408000000000000185e+01
3.928500000000000000e+04 1.540000000000000213e+01
3.930000000000000000e+04 1.430000000000000071e+01
3.931500000000000000e+04 1.320000000000000107e+01
3.933000000000000000e+04 1.474000000000000199e+01
3.934500000000000000e+04 1.430000000000000071e+01
3.936000000000000000e+04 1.298000000000000220e+01
3.937500000000000000e+04 1.408000000000000185e+01
3.939000000000000000e+04 1.518000000000000149e+01
3.940500000000000000e+04 1.474000000000000199e+01
3.942000000000000000e+04 1.606000000000000227e+01
3.943500000000000000e+04 1.210000000000000142e+01
3.945000000000000000e+04 1.474000000000000199e+01
3.946500000000000000e+04 1.518000000000000149e+01
3.948000000000000000e+04 1.408000000000000185e+01
3.949500000000000000e+04 1.408000000000000185e+01
3.952500000000000000e+04 1.408000000000000185e+01
3.954000000000000000e+04 1.341999999999999993e+01
3.955500000000000000e+04 1.540000000000000213e+01
3.957000000000000000e+04 1.430000000000000071e+01
3.958500000000000000e+04 1.386000000000000121e+01
3.960000000000000000e+04 1.364000000000000234e+01
3.961500000000000000e+04 1.341999999999999993e+01
3.963000000000000000e+04 1.386000000000000121e+01
3.964500000000000000e+04 1.408000000000000185e+01
3.966000000000000000e+04 1.650000000000000000e+01
3.967500000000000000e+04 1.341999999999999993e+01
3.969000000000000000e+04 1.210000000000000142e+01
3.970500000000000000e+04 1.496000000000000085e+01
3.972000000000000000e+04 1.275999999999999979e+01
3.973500000000000000e+04 1.298000000000000220e+01
3.975000000000000000e+04 1.364000000000000234e+01
3.976500000000000000e+04 1.496000000000000085e+01
3.978000000000000000e+04 1.408000000000000185e+01
3.979500000000000000e+04 1.341999999999999993e+01
3.981000000000000000e+04 1.254000000000000092e+01
3.982500000000000000e+04 1.341999999999999993e+01
3.984000000000000000e+04 1.298000000000000220e+01
3.985500000000000000e+04 1.275999999999999979e+01
3.987000000000000000e+04 1.320000000000000107e+01
3.988500000000000000e+04 1.320000000000000107e+01
3.990000000000000000e+04 1.430000000000000071e+01
3.991500000000000000e+04 1.650000000000000000e+01
3.993000000000000000e+04 1.451999999999999957e+01
3.994500000000000000e+04 1.320000000000000107e+01
3.996000000000000000e+04 1.408000000000000185e+01
3.997500000000000000e+04 1.341999999999999993e+01
3.999000000000000000e+04 1.408000000000000185e+01
4.000500000000000000e+04 1.451999999999999957e+01
4.002000000000000000e+04 1.408000000000000185e+01
4.003500000000000000e+04 1.496000000000000085e+01
4.005000000000000000e+04 1.320000000000000107e+01
4.006500000000000000e+04 1.518000000000000149e+01
4.008000000000000000e+04 1.518000000000000149e+01
4.009500000000000000e+04 1.320000000000000107e+01
4.011000000000000000e+04 1.451999999999999957e+01
4.012500000000000000e+04 1.474000000000000199e+01
4.014000000000000000e+04 1.430000000000000071e+01
4.015500000000000000e+04 1.451999999999999957e+01
4.017000000000000000e+04 1.430000000000000071e+01
4.018500000000000000e+04 1.320000000000000107e+01
4.020000000000000000e+04 1.386000000000000121e+01
4.021500000000000000e+04 1.364000000000000234e+01
4.023000000000000000e+04 1.451999999999999957e+01
4.024500000000000000e+04 1.496000000000000085e+01
4.026000000000000000e+04 1.628000000000000114e+01
4.027500000000000000e+04 1.540000000000000213e+01
4.029000000000000000e+04 1.474000000000000199e+01
4.030500000000000000e+04 1.408000000000000185e+01
4.032000000000000000e+04 1.430000000000000071e+01
4.033500000000000000e+04 1.430000000000000071e+01
4.035000000000000000e+04 1.716000000000000014e+01
4.036500000000000000e+04 1.716000000000000014e+01
4.038000000000000000e+04 1.518000000000000149e+01
4.039500000000000000e+04 1.496000000000000085e+01
4.041000000000000000e+04 1.474000000000000199e+01
4.042500000000000000e+04 1.671999999999999886e+01
4.044000000000000000e+04 1.671999999999999886e+01
4.045500000000000000e+04 1.650000000000000000e+01
4.047000000000000000e+04 1.606000000000000227e+01
4.048500000000000000e+04 1.848000000000000398e+01
4.050000000000000000e+04 1.584000000000000163e+01
4.051500000000000000e+04 1.628000000000000114e+01
4.053000000000000000e+04 1.650000000000000000e+01
4.054500000000000000e+04 1.914000000000000057e+01
4.056000000000000000e+04 1.958000000000000185e+01
4.057500000000000000e+04 1.892000000000000171e+01
4.059000000000000000e+04 1.892000000000000171e+01
4.060500000000000000e+04 1.914000000000000057e+01
4.062000000000000000e+04 1.848000000000000398e+01
4.065000000000000000e+04 1.936000000000000298e+01
4.066500000000000000e+04 1.980000000000000071e+01
4.069500000000000000e+04 2.068000000000000327e+01
4.071000000000000000e+04 2.001999999999999957e+01
4.072500000000000000e+04 2.068000000000000327e+01
4.650000000000000000e+04 2.046000000000000441e+01
4.651500000000000000e+04 1.914000000000000057e+01
4.653000000000000000e+04 1.870000000000000284e+01
4.654500000000000000e+04 1.936000000000000298e+01
4.656000000000000000e+04 1.870000000000000284e+01
4.657500000000000000e+04 1.782000000000000028e+01
4.659000000000000000e+04 1.870000000000000284e+01
4.660500000000000000e+04 1.914000000000000057e+01
4.662000000000000000e+04 1.958000000000000185e+01
4.663500000000000000e+04 1.803999999999999915e+01
4.665000000000000000e+04 1.958000000000000185e+01
4.666500000000000000e+04 1.848000000000000398e+01
4.668000000000000000e+04 1.914000000000000057e+01
4.669500000000000000e+04 2.001999999999999957e+01
4.671000000000000000e+04 1.980000000000000071e+01
4.672500000000000000e+04 1.782000000000000028e+01
4.674000000000000000e+04 1.870000000000000284e+01
4.675500000000000000e+04 1.914000000000000057e+01
4.677000000000000000e+04 1.848000000000000398e+01
4.678500000000000000e+04 1.782000000000000028e+01
4.680000000000000000e+04 1.782000000000000028e+01
4.681500000000000000e+04 1.848000000000000398e+01
4.683000000000000000e+04 1.716000000000000014e+01
4.684500000000000000e+04 1.936000000000000298e+01
4.686000000000000000e+04 1.760000000000000142e+01
4.687500000000000000e+04 1.826000000000000156e+01
4.689000000000000000e+04 1.694000000000000128e+01
4.690500000000000000e+04 1.671999999999999886e+01
4.692000000000000000e+04 1.671999999999999886e+01
4.693500000000000000e+04 1.760000000000000142e+01
4.695000000000000000e+04 2.068000000000000327e+01
4.696500000000000000e+04 1.671999999999999886e+01
4.698000000000000000e+04 1.671999999999999886e+01
4.699500000000000000e+04 1.540000000000000213e+01
4.701000000000000000e+04 1.650000000000000000e+01
4.702500000000000000e+04 1.562000000000000099e+01
4.704000000000000000e+04 1.584000000000000163e+01
4.705500000000000000e+04 1.628000000000000114e+01
4.707000000000000000e+04 1.518000000000000149e+01
4.708500000000000000e+04 1.606000000000000227e+01
4.710000000000000000e+04 1.650000000000000000e+01
4.711500000000000000e+04 1.671999999999999886e+01
4.713000000000000000e+04 1.562000000000000099e+01
4.714500000000000000e+04 1.671999999999999886e+01
4.716000000000000000e+04 1.870000000000000284e+01
4.717500000000000000e+04 2.420000000000000284e+01
4.719000000000000000e+04 2.420000000000000284e+01
4.720500000000000000e+04 2.420000000000000284e+01
4.722000000000000000e+04 2.640000000000000213e+01
4.723500000000000000e+04 2.420000000000000284e+01
4.725000000000000000e+04 2.860000000000000142e+01
4.726500000000000000e+04 3.300000000000000000e+01
4.728000000000000000e+04 3.740000000000000568e+01
4.729500000000000000e+04 3.520000000000000284e+01
4.731000000000000000e+04 4.180000000000000426e+01
4.732500000000000000e+04 4.400000000000000000e+01
4.734000000000000000e+04 5.060000000000000142e+01
4.735500000000000000e+04 4.840000000000000568e+01
4.737000000000000000e+04 4.400000000000000000e+01
4.738500000000000000e+04 5.280000000000000426e+01
4.740000000000000000e+04 5.060000000000000142e+01
4.741500000000000000e+04 5.720000000000000284e+01
4.743000000000000000e+04 4.840000000000000568e+01
4.744500000000000000e+04 5.500000000000000711e+01
4.746000000000000000e+04 5.500000000000000711e+01
4.747500000000000000e+04 5.720000000000000284e+01
4.749000000000000000e+04 5.940000000000000568e+01
4.750500000000000000e+04 5.940000000000000568e+01
4.752000000000000000e+04 5.720000000000000284e+01
4.753500000000000000e+04 5.720000000000000284e+01
4.755000000000000000e+04 5.940000000000000568e+01
4.756500000000000000e+04 5.940000000000000568e+01
4.758000000000000000e+04 5.940000000000000568e+01
4.759500000000000000e+04 5.720000000000000284e+01
4.761000000000000000e+04 5.280000000000000426e+01
4.762500000000000000e+04 5.720000000000000284e+01
4.764000000000000000e+04 5.720000000000000284e+01
4.765500000000000000e+04 5.940000000000000568e+01
4.767000000000000000e+04 6.160000000000000853e+01
4.768500000000000000e+04 6.160000000000000853e+01
4.770000000000000000e+04 6.160000000000000853e+01
4.771500000000000000e+04 6.160000000000000853e+01
4.773000000000000000e+04 6.160000000000000853e+01
4.774500000000000000e+04 6.380000000000000426e+01
4.776000000000000000e+04 6.160000000000000853e+01
4.777500000000000000e+04 6.160000000000000853e+01
4.779000000000000000e+04 5.720000000000000284e+01
4.780500000000000000e+04 5.720000000000000284e+01
4.782000000000000000e+04 5.720000000000000284e+01
4.783500000000000000e+04 5.500000000000000711e+01
4.785000000000000000e+04 5.720000000000000284e+01
4.786500000000000000e+04 5.720000000000000284e+01
4.788000000000000000e+04 5.280000000000000426e+01
4.789500000000000000e+04 5.500000000000000711e+01
4.791000000000000000e+04 5.280000000000000426e+01
4.792500000000000000e+04 5.720000000000000284e+01
4.794000000000000000e+04 5.720000000000000284e+01
4.795500000000000000e+04 5.280000000000000426e+01
4.797000000000000000e+04 5.720000000000000284e+01
4.798500000000000000e+04 5.280000000000000426e+01
4.800000000000000000e+04 5.280000000000000426e+01
4.801500000000000000e+04 5.280000000000000426e+01
4.803000000000000000e+04 4.840000000000000568e+01
4.804500000000000000e+04 5.060000000000000142e+01
4.806000000000000000e+04 4.840000000000000568e+01
4.807500000000000000e+04 4.840000000000000568e+01
4.809000000000000000e+04 5.060000000000000142e+01
4.810500000000000000e+04 4.840000000000000568e+01
4.812000000000000000e+04 4.840000000000000568e+01
4.813500000000000000e+04 4.840000000000000568e+01
4.815000000000000000e+04 4.840000000000000568e+01
4.816500000000000000e+04 5.060000000000000142e+01
4.818000000000000000e+04 5.060000000000000142e+01
4.819500000000000000e+04 4.840000000000000568e+01
4.821000000000000000e+04 4.620000000000000284e+01
4.822500000000000000e+04 4.840000000000000568e+01
4.824000000000000000e+04 4.620000000000000284e+01
4.825500000000000000e+04 4.620000000000000284e+01
4.827000000000000000e+04 4.620000000000000284e+01
4.828500000000000000e+04 4.840000000000000568e+01
4.830000000000000000e+04 4.620000000000000284e+01
4.831500000000000000e+04 4.180000000000000426e+01
4.833000000000000000e+04 4.180000000000000426e+01
4.834500000000000000e+04 3.960000000000000142e+01
4.836000000000000000e+04 4.620000000000000284e+01
4.837500000000000000e+04 3.740000000000000568e+01
4.839000000000000000e+04 3.520000000000000284e+01
4.840500000000000000e+04 3.740000000000000568e+01
4.842000000000000000e+04 3.740000000000000568e+01
4.843500000000000000e+04 3.520000000000000284e+01
4.845000000000000000e+04 3.520000000000000284e+01
4.846500000000000000e+04 3.300000000000000000e+01
4.848000000000000000e+04 3.520000000000000284e+01
4.849500000000000000e+04 3.080000000000000426e+01
4.851000000000000000e+04 3.080000000000000426e+01
4.852500000000000000e+04 3.300000000000000000e+01
4.854000000000000000e+04 3.520000000000000284e+01
4.855500000000000000e+04 3.080000000000000426e+01
4.857000000000000000e+04 2.860000000000000142e+01
4.858500000000000000e+04 2.860000000000000142e+01
4.860000000000000000e+04 3.080000000000000426e+01
4.861500000000000000e+04 3.080000000000000426e+01
4.863000000000000000e+04 2.860000000000000142e+01
4.864500000000000000e+04 2.860000000000000142e+01
4.866000000000000000e+04 2.640000000000000213e+01
4.867500000000000000e+04 2.640000000000000213e+01
4.869000000000000000e+04 2.640000000000000213e+01
4.870500000000000000e+04 3.080000000000000426e+01
4.872000000000000000e+04 2.860000000000000142e+01
4.873500000000000000e+04 2.860000000000000142e+01
4.875000000000000000e+04 2.640000000000000213e+01
4.876500000000000000e+04 3.080000000000000426e+01
4.878000000000000000e+04 2.860000000000000142e+01
4.879500000000000000e+04 2.860000000000000142e+01
4.881000000000000000e+04 2.860000000000000142e+01
4.882500000000000000e+04 2.860000000000000142e+01
4.884000000000000000e+04 3.300000000000000000e+01
4.885500000000000000e+04 2.860000000000000142e+01
4.887000000000000000e+04 2.860000000000000142e+01
4.888500000000000000e+04 2.640000000000000213e+01
4.890000000000000000e+04 2.640000000000000213e+01
4.891500000000000000e+04 2.860000000000000142e+01
4.893000000000000000e+04 2.860000000000000142e+01
4.894500000000000000e+04 2.640000000000000213e+01
4.896000000000000000e+04 2.860000000000000142e+01
4.897500000000000000e+04 3.080000000000000426e+01
4.899000000000000000e+04 2.860000000000000142e+01
4.900500000000000000e+04 2.860000000000000142e+01
4.902000000000000000e+04 2.860000000000000142e+01
4.903500000000000000e+04 2.860000000000000142e+01
4.905000000000000000e+04 2.640000000000000213e+01
4.906500000000000000e+04 2.860000000000000142e+01
4.908000000000000000e+04 2.640000000000000213e+01
4.909500000000000000e+04 2.860000000000000142e+01
4.911000000000000000e+04 2.640000000000000213e+01
4.912500000000000000e+04 3.300000000000000000e+01
4.914000000000000000e+04 2.860000000000000142e+01
4.915500000000000000e+04 2.860000000000000142e+01
4.917000000000000000e+04 2.640000000000000213e+01
4.918500000000000000e+04 2.640000000000000213e+01
4.920000000000000000e+04 2.640000000000000213e+01
4.921500000000000000e+04 2.860000000000000142e+01
4.923000000000000000e+04 2.640000000000000213e+01
4.924500000000000000e+04 2.860000000000000142e+01
4.926000000000000000e+04 2.640000000000000213e+01
4.927500000000000000e+04 2.640000000000000213e+01
4.929000000000000000e+04 2.640000000000000213e+01
4.930500000000000000e+04 2.640000000000000213e+01
4.932000000000000000e+04 2.640000000000000213e+01
4.933500000000000000e+04 2.640000000000000213e+01
4.935000000000000000e+04 2.640000000000000213e+01
4.936500000000000000e+04 2.640000000000000213e+01
4.938000000000000000e+04 2.640000000000000213e+01
4.939500000000000000e+04 2.640000000000000213e+01
4.941000000000000000e+04 2.640000000000000213e+01
4.942500000000000000e+04 2.640000000000000213e+01
4.944000000000000000e+04 2.640000000000000213e+01
4.945500000000000000e+04 2.640000000000000213e+01
4.947000000000000000e+04 2.640000000000000213e+01
4.948500000000000000e+04 2.640000000000000213e+01
4.950000000000000000e+04 2.640000000000000213e+01
4.951500000000000000e+04 2.420000000000000284e+01
4.953000000000000000e+04 2.860000000000000142e+01
4.956000000000000000e+04 2.420000000000000284e+01
4.957500000000000000e+04 2.420000000000000284e+01
4.959000000000000000e+04 2.200000000000000000e+01
4.960500000000000000e+04 2.420000000000000284e+01
4.962000000000000000e+04 2.420000000000000284e+01
4.963500000000000000e+04 2.200000000000000000e+01
4.965000000000000000e+04 2.420000000000000284e+01
4.966500000000000000e+04 2.200000000000000000e+01
4.968000000000000000e+04 2.420000000000000284e+01
4.969500000000000000e+04 2.200000000000000000e+01
4.971000000000000000e+04 2.200000000000000000e+01
4.972500000000000000e+04 2.420000000000000284e+01
4.974000000000000000e+04 2.200000000000000000e+01
4.975500000000000000e+04 2.420000000000000284e+01
4.977000000000000000e+04 2.133999999999999986e+01
4.978500000000000000e+04 2.200000000000000000e+01
4.980000000000000000e+04 2.068000000000000327e+01
4.981500000000000000e+04 1.958000000000000185e+01
4.983000000000000000e+04 1.892000000000000171e+01
4.984500000000000000e+04 1.803999999999999915e+01
4.986000000000000000e+04 1.892000000000000171e+01
4.987500000000000000e+04 2.156000000000000227e+01
4.989000000000000000e+04 1.848000000000000398e+01
4.990500000000000000e+04 1.848000000000000398e+01
4.992000000000000000e+04 1.694000000000000128e+01
4.993500000000000000e+04 1.826000000000000156e+01
4.995000000000000000e+04 1.628000000000000114e+01
4.996500000000000000e+04 1.826000000000000156e+01
4.998000000000000000e+04 1.826000000000000156e+01
4.999500000000000000e+04 1.826000000000000156e+01
5.001000000000000000e+04 1.628000000000000114e+01
5.002500000000000000e+04 1.826000000000000156e+01
5.004000000000000000e+04 1.803999999999999915e+01
5.005500000000000000e+04 1.606000000000000227e+01
5.007000000000000000e+04 1.958000000000000185e+01
5.008500000000000000e+04 1.914000000000000057e+01
5.010000000000000000e+04 1.958000000000000185e+01
5.011500000000000000e+04 1.671999999999999886e+01
5.013000000000000000e+04 1.716000000000000014e+01
5.014500000000000000e+04 1.980000000000000071e+01
5.016000000000000000e+04 1.694000000000000128e+01
5.017500000000000000e+04 1.671999999999999886e+01
5.019000000000000000e+04 1.848000000000000398e+01
5.020500000000000000e+04 1.892000000000000171e+01
5.022000000000000000e+04 1.650000000000000000e+01
5.023500000000000000e+04 1.738000000000000256e+01
5.025000000000000000e+04 1.760000000000000142e+01
5.026500000000000000e+04 1.694000000000000128e+01
5.028000000000000000e+04 1.584000000000000163e+01
5.029500000000000000e+04 1.518000000000000149e+01
5.031000000000000000e+04 1.760000000000000142e+01
5.032500000000000000e+04 1.936000000000000298e+01
5.034000000000000000e+04 2.200000000000000000e+01
5.035500000000000000e+04 2.133999999999999986e+01
5.037000000000000000e+04 2.200000000000000000e+01
5.038500000000000000e+04 2.200000000000000000e+01
5.040000000000000000e+04 2.420000000000000284e+01
5.041500000000000000e+04 2.640000000000000213e+01
5.043000000000000000e+04 2.860000000000000142e+01
5.044500000000000000e+04 3.080000000000000426e+01
5.046000000000000000e+04 2.860000000000000142e+01
5.047500000000000000e+04 2.420000000000000284e+01
5.049000000000000000e+04 2.640000000000000213e+01
5.050500000000000000e+04 3.080000000000000426e+01
5.052000000000000000e+04 3.080000000000000426e+01
5.053500000000000000e+04 2.420000000000000284e+01
5.055000000000000000e+04 2.640000000000000213e+01
5.056500000000000000e+04 2.420000000000000284e+01
5.058000000000000000e+04 2.420000000000000284e+01
5.059500000000000000e+04 2.200000000000000000e+01
5.061000000000000000e+04 2.133999999999999986e+01
5.062500000000000000e+04 2.420000000000000284e+01
5.065500000000000000e+04 2.640000000000000213e+01
5.067000000000000000e+04 2.200000000000000000e+01
5.068500000000000000e+04 2.420000000000000284e+01
5.070000000000000000e+04 2.200000000000000000e+01
5.071500000000000000e+04 2.420000000000000284e+01
5.073000000000000000e+04 2.420000000000000284e+01
5.074500000000000000e+04 2.420000000000000284e+01
5.076000000000000000e+04 2.420000000000000284e+01
5.077500000000000000e+04 2.420000000000000284e+01
5.079000000000000000e+04 2.200000000000000000e+01
5.080500000000000000e+04 2.640000000000000213e+01
5.082000000000000000e+04 2.023999999999999844e+01
5.085000000000000000e+04 2.640000000000000213e+01
5.086500000000000000e+04 2.420000000000000284e+01
5.089500000000000000e+04 2.640000000000000213e+01
5.091000000000000000e+04 2.200000000000000000e+01
5.092500000000000000e+04 2.133999999999999986e+01
5.094000000000000000e+04 2.640000000000000213e+01
5.095500000000000000e+04 2.200000000000000000e+01
5.097000000000000000e+04 2.200000000000000000e+01
5.098500000000000000e+04 2.200000000000000000e+01
5.100000000000000000e+04 2.090000000000000213e+01
5.101500000000000000e+04 2.023999999999999844e+01
5.103000000000000000e+04 2.200000000000000000e+01
5.104500000000000000e+04 2.420000000000000284e+01
5.106000000000000000e+04 2.200000000000000000e+01
5.107500000000000000e+04 2.200000000000000000e+01
5.109000000000000000e+04 2.156000000000000227e+01
5.110500000000000000e+04 2.156000000000000227e+01
5.112000000000000000e+04 2.640000000000000213e+01
5.113500000000000000e+04 2.046000000000000441e+01
5.115000000000000000e+04 2.090000000000000213e+01
5.116500000000000000e+04 2.046000000000000441e+01
5.118000000000000000e+04 2.200000000000000000e+01
5.119500000000000000e+04 1.980000000000000071e+01
5.121000000000000000e+04 2.023999999999999844e+01
5.122500000000000000e+04 2.046000000000000441e+01
5.124000000000000000e+04 1.958000000000000185e+01
5.125500000000000000e+04 2.046000000000000441e+01
5.127000000000000000e+04 2.090000000000000213e+01
5.128500000000000000e+04 2.090000000000000213e+01
5.130000000000000000e+04 1.980000000000000071e+01
5.131500000000000000e+04 1.980000000000000071e+01
5.133000000000000000e+04 1.914000000000000057e+01
5.134500000000000000e+04 1.826000000000000156e+01
5.136000000000000000e+04 1.803999999999999915e+01
5.137500000000000000e+04 1.738000000000000256e+01
5.139000000000000000e+04 1.936000000000000298e+01
5.140500000000000000e+04 1.803999999999999915e+01
5.142000000000000000e+04 1.760000000000000142e+01
5.143500000000000000e+04 1.716000000000000014e+01
5.145000000000000000e+04 1.870000000000000284e+01
5.146500000000000000e+04 1.782000000000000028e+01
5.148000000000000000e+04 1.628000000000000114e+01
5.149500000000000000e+04 1.650000000000000000e+01
5.151000000000000000e+04 1.760000000000000142e+01
5.152500000000000000e+04 1.650000000000000000e+01
5.154000000000000000e+04 1.562000000000000099e+01
5.155500000000000000e+04 1.606000000000000227e+01
5.157000000000000000e+04 1.694000000000000128e+01
5.158500000000000000e+04 1.782000000000000028e+01
5.160000000000000000e+04 1.716000000000000014e+01
5.161500000000000000e+04 1.694000000000000128e+01
5.163000000000000000e+04 1.606000000000000227e+01
5.164500000000000000e+04 1.584000000000000163e+01
5.166000000000000000e+04 1.671999999999999886e+01
5.167500000000000000e+04 1.694000000000000128e+01
5.169000000000000000e+04 1.716000000000000014e+01
5.170500000000000000e+04 1.760000000000000142e+01
5.172000000000000000e+04 1.870000000000000284e+01
5.173500000000000000e+04 1.958000000000000185e+01
5.175000000000000000e+04 1.760000000000000142e+01
5.176500000000000000e+04 1.848000000000000398e+01
5.178000000000000000e+04 1.738000000000000256e+01
5.179500000000000000e+04 1.782000000000000028e+01
5.181000000000000000e+04 1.936000000000000298e+01
5.182500000000000000e+04 1.782000000000000028e+01
5.184000000000000000e+04 1.848000000000000398e+01
5.185500000000000000e+04 1.848000000000000398e+01
5.187000000000000000e+04 1.892000000000000171e+01
5.188500000000000000e+04 1.892000000000000171e+01
5.190000000000000000e+04 2.001999999999999957e+01
5.191500000000000000e+04 2.156000000000000227e+01
5.193000000000000000e+04 2.023999999999999844e+01
5.194500000000000000e+04 1.892000000000000171e+01
5.196000000000000000e+04 2.200000000000000000e+01
5.197500000000000000e+04 2.046000000000000441e+01
5.199000000000000000e+04 2.046000000000000441e+01
5.200500000000000000e+04 1.936000000000000298e+01
5.202000000000000000e+04 2.068000000000000327e+01
5.203500000000000000e+04 2.090000000000000213e+01
5.205000000000000000e+04 1.892000000000000171e+01
5.206500000000000000e+04 2.090000000000000213e+01
5.208000000000000000e+04 2.178000000000000114e+01
5.209500000000000000e+04 2.200000000000000000e+01
5.211000000000000000e+04 2.200000000000000000e+01
5.212500000000000000e+04 2.420000000000000284e+01
5.214000000000000000e+04 2.640000000000000213e+01
5.215500000000000000e+04 2.200000000000000000e+01
5.217000000000000000e+04 2.420000000000000284e+01
5.218500000000000000e+04 2.640000000000000213e+01
5.220000000000000000e+04 2.420000000000000284e+01
5.221500000000000000e+04 2.420000000000000284e+01
5.223000000000000000e+04 2.200000000000000000e+01
5.224500000000000000e+04 2.200000000000000000e+01
5.226000000000000000e+04 2.640000000000000213e+01
5.227500000000000000e+04 2.640000000000000213e+01
5.229000000000000000e+04 2.640000000000000213e+01
5.230500000000000000e+04 2.640000000000000213e+01
5.232000000000000000e+04 2.420000000000000284e+01
5.233500000000000000e+04 2.420000000000000284e+01
5.235000000000000000e+04 2.640000000000000213e+01
5.236500000000000000e+04 2.640000000000000213e+01
5.238000000000000000e+04 2.640000000000000213e+01
5.239500000000000000e+04 2.640000000000000213e+01
5.241000000000000000e+04 2.420000000000000284e+01
5.242500000000000000e+04 2.860000000000000142e+01
5.244000000000000000e+04 2.640000000000000213e+01
5.245500000000000000e+04 2.860000000000000142e+01
5.247000000000000000e+04 2.640000000000000213e+01
5.248500000000000000e+04 2.640000000000000213e+01
5.250000000000000000e+04 2.420000000000000284e+01
5.251500000000000000e+04 2.640000000000000213e+01
5.253000000000000000e+04 2.860000000000000142e+01
5.254500000000000000e+04 2.640000000000000213e+01
5.256000000000000000e+04 3.080000000000000426e+01
5.257500000000000000e+04 2.640000000000000213e+01
5.259000000000000000e+04 2.860000000000000142e+01
5.260500000000000000e+04 2.640000000000000213e+01
5.262000000000000000e+04 2.860000000000000142e+01
5.263500000000000000e+04 2.860000000000000142e+01
5.265000000000000000e+04 2.640000000000000213e+01
5.266500000000000000e+04 2.860000000000000142e+01
5.268000000000000000e+04 2.640000000000000213e+01
5.269500000000000000e+04 2.640000000000000213e+01
5.271000000000000000e+04 2.420000000000000284e+01
5.272500000000000000e+04 2.420000000000000284e+01
5.274000000000000000e+04 2.420000000000000284e+01
5.275500000000000000e+04 2.640000000000000213e+01
5.277000000000000000e+04 2.200000000000000000e+01
5.278500000000000000e+04 2.420000000000000284e+01
5.280000000000000000e+04 2.200000000000000000e+01
5.281500000000000000e+04 2.420000000000000284e+01
5.283000000000000000e+04 2.420000000000000284e+01
5.284500000000000000e+04 2.200000000000000000e+01
5.286000000000000000e+04 2.046000000000000441e+01
5.287500000000000000e+04 2.200000000000000000e+01
5.289000000000000000e+04 2.200000000000000000e+01
5.290500000000000000e+04 2.068000000000000327e+01
5.292000000000000000e+04 2.200000000000000000e+01
5.293500000000000000e+04 1.892000000000000171e+01
5.295000000000000000e+04 1.958000000000000185e+01
5.296500000000000000e+04 1.826000000000000156e+01
5.298000000000000000e+04 1.803999999999999915e+01
5.299500000000000000e+04 2.068000000000000327e+01
5.301000000000000000e+04 2.200000000000000000e+01
5.302500000000000000e+04 2.068000000000000327e+01
5.304000000000000000e+04 2.001999999999999957e+01
5.305500000000000000e+04 2.156000000000000227e+01
5.307000000000000000e+04 2.068000000000000327e+01
5.308500000000000000e+04 2.156000000000000227e+01
5.310000000000000000e+04 1.892000000000000171e+01
5.311500000000000000e+04 1.980000000000000071e+01
5.313000000000000000e+04 2.001999999999999957e+01
5.314500000000000000e+04 1.892000000000000171e+01
5.316000000000000000e+04 2.023999999999999844e+01
5.317500000000000000e+04 1.958000000000000185e+01
5.319000000000000000e+04 1.914000000000000057e+01
5.320500000000000000e+04 1.958000000000000185e+01
5.322000000000000000e+04 1.760000000000000142e+01
5.323500000000000000e+04 1.980000000000000071e+01
5.325000000000000000e+04 1.870000000000000284e+01
5.326500000000000000e+04 1.870000000000000284e+01
5.328000000000000000e+04 2.112000000000000099e+01
5.329500000000000000e+04 2.090000000000000213e+01
5.331000000000000000e+04 2.068000000000000327e+01
5.332500000000000000e+04 2.090000000000000213e+01
5.334000000000000000e+04 1.980000000000000071e+01
5.335500000000000000e+04 2.023999999999999844e+01
5.337000000000000000e+04 2.133999999999999986e+01
5.338500000000000000e+04 2.133999999999999986e+01
5.340000000000000000e+04 2.023999999999999844e+01
5.341500000000000000e+04 2.178000000000000114e+01
5.343000000000000000e+04 2.133999999999999986e+01
5.344500000000000000e+04 2.112000000000000099e+01
5.346000000000000000e+04 2.200000000000000000e+01
5.347500000000000000e+04 2.420000000000000284e+01
5.349000000000000000e+04 2.420000000000000284e+01
5.352000000000000000e+04 2.420000000000000284e+01
5.353500000000000000e+04 2.200000000000000000e+01
5.355000000000000000e+04 2.420000000000000284e+01
5.358000000000000000e+04 2.420000000000000284e+01
5.359500000000000000e+04 2.420000000000000284e+01
5.361000000000000000e+04 2.420000000000000284e+01
5.362500000000000000e+04 2.420000000000000284e+01
